### Filename
### ref/Serif/capitals-generated.png-ref.txt
A -0.46938775510204084,0.061224489795918366,-0.46938775510204084 -0.9795918367346939,0.02040816326530612 0.2857142857142857,-0.3469387755102041,0.3673469387755102 -0.9795918367346939,0.02040816326530612 1.0 0.8
B 0.6585365853658537,-0.34146341463414637 -0.6458333333333334,0.14583333333333334,-0.20833333333333334 0.7073170731707317,-0.2926829268292683 0.020833333333333332,-0.9583333333333334,0.020833333333333332 0.851063829787234 0.7833333333333333
C -0.45454545454545453,0.25,-0.25,0.022727272727272728,-0.022727272727272728 -0.82,0.02,-0.16 -0.4318181818181818,0.25,-0.3181818181818182 -0.4,0.22,-0.38 0.8775510204081632 0.8166666666666667
D 0.5416666666666666,-0.4583333333333333 -0.375,0.22916666666666666,-0.3958333333333333 0.5625,-0.4375 0.020833333333333332,-0.9583333333333334,0.020833333333333332 1.0 0.7833333333333333
E 0.9047619047619048,-0.09523809523809523 -0.75,0.041666666666666664,-0.20833333333333334 0.9285714285714286,-0.07142857142857142 0.020833333333333332,-0.9583333333333334,0.020833333333333332 0.8723404255319149 0.7833333333333333
F 1.0 0.16666666666666666,-0.8333333333333334 0.5,-0.5 0.020833333333333332,-0.9583333333333334,0.020833333333333332 0.7872340425531915 0.7833333333333333
G -0.3958333333333333,0.20833333333333334,-0.22916666666666666,0.020833333333333332,-0.14583333333333334 -0.46,0.02,-0.52 -0.3958333333333333,0.25,-0.3541666666666667 -0.4,0.22,-0.38 0.9591836734693877 0.8166666666666667
H 0.3958333333333333,-0.20833333333333334,0.3958333333333333 0.020833333333333332,-0.9583333333333334,0.020833333333333332 0.3958333333333333,-0.20833333333333334,0.3958333333333333 0.020833333333333332,-0.9583333333333334,0.020833333333333332 1.0 0.7833333333333333
I 1.0 0.020833333333333332,-0.9583333333333334,0.020833333333333332 1.0 0.020833333333333332,-0.9583333333333334,0.020833333333333332 0.3829787234042553 0.7833333333333333
J -0.2692307692307692,0.7307692307692307 0.02040816326530612,-0.9795918367346939 -0.15384615384615385,0.2692307692307692,-0.5769230769230769 -0.8571428571428571,0.08163265306122448,-0.061224489795918366 0.5208333333333334 0.8
K 0.4117647058823529,-0.13725490196078433,0.39215686274509803,-0.058823529411764705 -0.9791666666666666,0.020833333333333332 0.4117647058823529,-0.1568627450980392,0.43137254901960786 0.020833333333333332,-0.9583333333333334,0.020833333333333332 1.0638297872340425 0.7833333333333333
L 0.4523809523809524,-0.5476190476190477 -0.75,0.041666666666666664,-0.20833333333333334 0.9285714285714286,-0.07142857142857142 0.020833333333333332,-0.9583333333333334,0.020833333333333332 0.8723404255319149 0.7833333333333333
M 0.21666666666666667,-0.55,0.23333333333333334 0.020833333333333332,-0.9583333333333334,0.020833333333333332 0.25,-0.2,0.03333333333333333,-0.2,0.31666666666666665 0.020833333333333332,-0.9583333333333334,0.020833333333333332 1.2553191489361701 0.7833333333333333
N 0.22916666666666666,-0.4583333333333333,0.3125 0.02040816326530612,-0.9795918367346939 -0.8333333333333334,0.041666666666666664,-0.125 0.02040816326530612,-0.9387755102040817,0.02040816326530612,-0.02040816326530612 0.9791666666666666 0.8
O -0.3829787234042553,0.23404255319148937,-0.3829787234042553 -0.38,0.24,-0.38 -0.3829787234042553,0.23404255319148937,-0.3829787234042553 -0.38,0.24,-0.38 0.9387755102040817 0.8166666666666667
P 0.6578947368421053,-0.34210526315789475 -0.1875,0.14583333333333334,-0.6666666666666666 0.5,-0.5 0.020833333333333332,-0.9583333333333334,0.020833333333333332 0.7872340425531915 0.7833333333333333
Q -0.3877551020408163,0.20408163265306123,-0.40816326530612246 -0.9836065573770492,0.01639344262295082 -0.7755102040816326,0.22448979591836735 -0.3114754098360656,0.18032786885245902,-0.5081967213114754 0.8 1.0
R 0.5652173913043478,-0.43478260869565216 -0.9791666666666666,0.020833333333333332 0.43478260869565216,-0.30434782608695654,0.2608695652173913 0.020833333333333332,-0.9583333333333334,0.020833333333333332 0.9574468085106383 0.7833333333333333
S -0.3225806451612903,0.22580645161290322,-0.2903225806451613,0.03225806451612903,-0.12903225806451613 -0.66,0.14,-0.2 -0.06451612903225806,0.03225806451612903,-0.2903225806451613,0.25806451612903225,-0.3548387096774194 -0.7,0.08,-0.22 0.6122448979591837 0.8166666666666667
T 1.0 0.22916666666666666,-0.7708333333333334 -0.2682926829268293,0.4634146341463415,-0.2682926829268293 0.22916666666666666,-0.7708333333333334 0.851063829787234 0.7833333333333333
U 0.3958333333333333,-0.2916666666666667,0.3125 0.02040816326530612,-0.9795918367346939 -0.3958333333333333,0.20833333333333334,-0.3958333333333333 0.02040816326530612,-0.9795918367346939 0.9791666666666666 0.8
V 0.3695652173913043,-0.32608695652173914,0.30434782608695654 0.02040816326530612,-0.9795918367346939 -0.5,0.021739130434782608,-0.4782608695652174 0.02040816326530612,-0.9795918367346939 0.9375 0.8
W 0.26865671641791045,-0.07462686567164178,0.26865671641791045,-0.1791044776119403,0.208955223880597 0.02040816326530612,-0.9795918367346939 -0.3283582089552239,0.014925373134328358,-0.3283582089552239,0.014925373134328358,-0.31343283582089554 0.02040816326530612,-0.9795918367346939 1.375 0.8
X -0.02,0.42,-0.2,0.34,-0.02 -0.9791666666666666,0.020833333333333332 0.32,-0.26,0.42 -0.9791666666666666,0.020833333333333332 1.0425531914893618 0.7833333333333333
Y 0.40425531914893614,-0.2765957446808511,0.3191489361702128 0.020833333333333332,-0.9791666666666666 -0.2978723404255319,0.40425531914893614,-0.2978723404255319 0.020833333333333332,-0.9791666666666666 0.9787234042553191 0.7833333333333333
Z -0.09302325581395349,0.8837209302325582,-0.023255813953488372 -0.7291666666666666,0.0625,-0.20833333333333334 0.9534883720930233,-0.046511627906976744 -0.9583333333333334,0.041666666666666664 0.8936170212765957 0.7833333333333333
