### Filename
### ref/Serif/letters-generated.png-ref.txt
a -0.3,0.3,-0.4 -0.8484848484848485,0.06060606060606061,-0.09090909090909091 -0.16666666666666666,0.2,-0.3333333333333333,0.16666666666666666,-0.13333333333333333 -0.696969696969697,0.15151515151515152,-0.15151515151515152 -0.23333333333333334,0.16666666666666666,-0.23333333333333334,0.2,-0.16666666666666666 0.09090909090909091,-0.30303030303030304,0.06060606060606061,-0.3939393939393939,0.06060606060606061,-0.09090909090909091 0.90625 0.6666666666666666 0.8674568965517241
b -0.25,0.0625,-0.6875 -0.5510204081632653,0.1836734693877551,-0.2653061224489796 -0.34375,0.25,-0.40625 -0.061224489795918366,0.02040816326530612,-0.9183673469387755 -0.125,0.1875,-0.4375,0.21875,-0.03125 -0.3469387755102041,0.1836734693877551,-0.32653061224489793,0.08163265306122448,-0.061224489795918366 0.6458333333333334 1.0 0.696236559139785
c -0.42857142857142855,0.2857142857142857,-0.2857142857142857 -0.6666666666666666,0.030303030303030304,-0.30303030303030304 -0.35714285714285715,0.25,-0.39285714285714285 -0.3939393939393939,0.2727272727272727,-0.3333333333333333 0.21428571428571427,-0.7857142857142857 0.06060606060606061,-0.7878787878787878,0.15151515151515152 0.84375 0.6666666666666666 0.7349537037037037
d -0.8181818181818182,0.06060606060606061,-0.12121212121212122 -0.9183673469387755,0.02040816326530612,-0.061224489795918366 -0.30303030303030304,0.21212121212121213,-0.18181818181818182,0.06060606060606061,-0.24242424242424243 -0.5918367346938775,0.1836734693877551,-0.22448979591836735 -0.06060606060606061,0.15151515151515152,-0.48484848484848486,0.18181818181818182,-0.12121212121212122 -0.02040816326530612,0.9795918367346939 0.6666666666666666 1.0 0.7174479166666666
e -0.39285714285714285,0.25,-0.35714285714285715 -0.6363636363636364,0.06060606060606061,-0.30303030303030304 -0.35714285714285715,0.25,-0.39285714285714285 -0.36363636363636365,0.2727272727272727,-0.36363636363636365 0.21428571428571427,-0.7857142857142857 0.09090909090909091,-0.24242424242424243,0.06060606060606061,-0.45454545454545453,0.15151515151515152 0.84375 0.6666666666666666 0.84375
f -0.5384615384615384,0.3076923076923077,-0.15384615384615385 -0.061224489795918366,0.061224489795918366,-0.8775510204081632 0.6923076923076923,-0.3076923076923077 -0.32653061224489793,0.04081632653061224,-0.6122448979591837,0.02040816326530612 -0.23076923076923078,0.23076923076923078,-0.5384615384615384 -0.04081632653061224,0.10204081632653061,-0.8571428571428571 0.5208333333333334 1.0 0.5983333333333334
g -0.3870967741935484,0.25806451612903225,-0.3548387096774194 -0.04081632653061224,0.061224489795918366,-0.8979591836734694 -0.25806451612903225,0.25806451612903225,-0.4838709677419355 -0.8163265306122449,0.061224489795918366,-0.12244897959183673 -0.1935483870967742,0.06451612903225806,-0.7419354838709677 -0.04081632653061224,0.3469387755102041,-0.20408163265306123,0.10204081632653061,-0.1836734693877551,0.04081632653061224,-0.08163265306122448 0.625 1.0 0.7868055555555555
h -0.24242424242424243,0.06060606060606061,-0.696969696969697 -0.9795918367346939,0.02040816326530612 0.42424242424242425,-0.15151515151515152,0.42424242424242425 -0.061224489795918366,0.02040816326530612,-0.8979591836734694,0.02040816326530612 -0.12121212121212122,0.18181818181818182,-0.3939393939393939,0.18181818181818182,-0.12121212121212122 -0.3469387755102041,0.6530612244897959 0.6666666666666666 1.0 0.7239583333333334
. -0.2857142857142857,0.42857142857142855,-0.2857142857142857 -0.2857142857142857,0.42857142857142855,-0.2857142857142857 -0.2857142857142857,0.42857142857142855,-0.2857142857142857 -0.2857142857142857,0.42857142857142855,-0.2857142857142857 1.0 1.0 1.0 0.125 1.9722222222222223
i -0.5714285714285714,0.14285714285714285,-0.2857142857142857 -0.9696969696969697,0.030303030303030304 1.0 -0.09090909090909091,0.030303030303030304,-0.8484848484848485,0.030303030303030304 -0.2857142857142857,0.42857142857142855,-0.2857142857142857 -1.0 0.40625 0.6666666666666666 1.0192307692307692
. -0.2857142857142857,0.42857142857142855,-0.2857142857142857 -0.2857142857142857,0.42857142857142855,-0.2857142857142857 -0.2857142857142857,0.42857142857142855,-0.2857142857142857 -0.2857142857142857,0.42857142857142855,-0.2857142857142857 1.0 1.0 1.0 0.125 1.9722222222222223
j -0.8947368421052632,0.10526315789473684 0.7959183673469388,-0.20408163265306123 -0.15789473684210525,0.42105263157894735,-0.42105263157894735 -0.8775510204081632,0.08163265306122448,-0.04081632653061224 -0.6842105263157895,0.3157894736842105 -1.0 0.375 1.0 0.75
k -0.23529411764705882,0.058823529411764705,-0.7058823529411765 -0.9795918367346939,0.02040816326530612 0.4117647058823529,-0.11764705882352941,0.47058823529411764 -0.061224489795918366,0.02040816326530612,-0.8979591836734694,0.02040816326530612 -0.11764705882352941,0.17647058823529413,-0.14705882352941177,0.08823529411764706,-0.47058823529411764 -0.32653061224489793,0.061224489795918366,-0.4489795918367347,0.16326530612244897 0.6875 1.0 0.672979797979798
l -0.5714285714285714,0.14285714285714285,-0.2857142857142857 -0.9795918367346939,0.02040816326530612 1.0 -0.061224489795918366,0.02040816326530612,-0.8979591836734694,0.02040816326530612 -0.2857142857142857,0.42857142857142855,-0.2857142857142857 -1.0 0.2708333333333333 1.0 0.9935897435897436
m -0.15384615384615385,0.038461538461538464,-0.15384615384615385,0.11538461538461539,-0.23076923076923078,0.1346153846153846,-0.17307692307692307 -0.9696969696969697,0.030303030303030304 0.2692307692307692,-0.09615384615384616,0.2692307692307692,-0.09615384615384616,0.2692307692307692 -0.09090909090909091,0.030303030303030304,-0.8484848484848485,0.030303030303030304 -0.07692307692307693,0.11538461538461539,-0.25,0.11538461538461539,-0.25,0.11538461538461539,-0.07692307692307693 -0.030303030303030304,0.09090909090909091,-0.8787878787878788 1.59375 0.6666666666666666 0.8639705882352942
n -0.24242424242424243,0.06060606060606061,-0.24242424242424243,0.15151515151515152,-0.30303030303030304 -0.9696969696969697,0.030303030303030304 0.42424242424242425,-0.15151515151515152,0.42424242424242425 -0.09090909090909091,0.030303030303030304,-0.8484848484848485,0.030303030303030304 -0.12121212121212122,0.18181818181818182,-0.3939393939393939,0.18181818181818182,-0.12121212121212122 -0.030303030303030304,0.09090909090909091,-0.8787878787878788 1.0 0.6666666666666666 0.890625
o -0.375,0.25,-0.375 -0.36363636363636365,0.24242424242424243,-0.3939393939393939 -0.375,0.25,-0.375 -0.36363636363636365,0.2727272727272727,-0.36363636363636365 0.1875,-0.625,0.1875 0.06060606060606061,-0.8787878787878788,0.06060606060606061 0.96875 0.6666666666666666 0.7399193548387096
p -0.25,0.0625,-0.21875,0.21875,-0.25 -0.20408163265306123,0.20408163265306123,-0.5918367346938775 0.5,-0.5 -0.061224489795918366,0.02040816326530612,-0.8979591836734694,0.02040816326530612 -0.125,0.1875,-0.46875,0.15625,-0.0625 -0.02040816326530612,0.16326530612244897,-0.32653061224489793,0.12244897959183673,-0.3673469387755102 0.6458333333333334 1.0 0.7486559139784946
q -0.36363636363636365,0.24242424242424243,-0.24242424242424243,0.030303030303030304,-0.12121212121212122 -0.9795918367346939,0.02040816326530612 -0.5151515151515151,0.48484848484848486 -0.2653061224489796,0.20408163265306123,-0.5306122448979592 -0.030303030303030304,0.21212121212121213,-0.45454545454545453,0.18181818181818182,-0.12121212121212122 -0.061224489795918366,0.9387755102040817 0.6666666666666666 1.0 0.7102864583333334
r -0.36363636363636365,0.09090909090909091,-0.2727272727272727,0.18181818181818182,-0.09090909090909091 -0.06060606060606061,0.12121212121212122,-0.8181818181818182 0.6363636363636364,-0.36363636363636365 -0.09090909090909091,0.030303030303030304,-0.8484848484848485,0.030303030303030304 -0.18181818181818182,0.2727272727272727,-0.5454545454545454 0.18181818181818182,-0.8181818181818182 0.65625 0.6666666666666666 0.8005952380952381
s -0.3181818181818182,0.3181818181818182,-0.22727272727272727,0.045454545454545456,-0.09090909090909091 -0.6363636363636364,0.18181818181818182,-0.18181818181818182 0.045454545454545456,-0.2727272727272727,0.3181818181818182,-0.36363636363636365 -0.18181818181818182,0.18181818181818182,-0.30303030303030304,0.3333333333333333 -0.22727272727272727,0.5454545454545454,-0.22727272727272727 -0.030303030303030304,0.12121212121212122,-0.3333333333333333,0.24242424242424243,-0.12121212121212122,0.12121212121212122,-0.030303030303030304 0.65625 0.6666666666666666 0.9002976190476191
t -0.47368421052631576,0.05263157894736842,-0.47368421052631576 -0.8571428571428571,0.023809523809523808,-0.11904761904761904 -0.42105263157894735,0.2631578947368421,-0.3157894736842105 -0.23809523809523808,0.023809523809523808,-0.7380952380952381 -0.21052631578947367,0.3157894736842105,-0.47368421052631576 -1.0 0.43902439024390244 0.8541666666666666 0.7330623306233063
u 0.30303030303030304,-0.2727272727272727,0.30303030303030304,-0.12121212121212122 -0.8787878787878788,0.030303030303030304,-0.09090909090909091 -0.30303030303030304,0.18181818181818182,-0.21212121212121213,0.06060606060606061,-0.24242424242424243 0.030303030303030304,-0.9696969696969697 -0.12121212121212122,0.18181818181818182,-0.3939393939393939,0.18181818181818182,-0.12121212121212122 -0.8787878787878788,0.09090909090909091,-0.030303030303030304 1.0 0.6666666666666666 0.8525390625
v 0.41935483870967744,-0.2903225806451613,0.2903225806451613 0.030303030303030304,-0.9696969696969697 -0.45161290322580644,0.06451612903225806,-0.4838709677419355 0.030303030303030304,-0.9696969696969697 -0.25806451612903225,0.22580645161290322,-0.16129032258064516,0.06451612903225806,-0.2903225806451613 -0.6666666666666666,0.2727272727272727,-0.06060606060606061 0.9375 0.6666666666666666 0.5354166666666667
w 0.2708333333333333,-0.08333333333333333,0.3125,-0.14583333333333334,0.1875 0.030303030303030304,-0.9696969696969697 -0.2916666666666667,0.020833333333333332,-0.3541666666666667,0.020833333333333332,-0.3125 0.030303030303030304,-0.9696969696969697 -0.16666666666666666,0.125,-0.125,0.041666666666666664,-0.08333333333333333,0.125,-0.125,0.041666666666666664,-0.16666666666666666 -0.696969696969697,0.18181818181818182,-0.12121212121212122 1.46875 0.6666666666666666 0.6575797872340425
x 0.45454545454545453,-0.09090909090909091,0.36363636363636365,-0.09090909090909091 -0.9696969696969697,0.030303030303030304 0.2727272727272727,-0.30303030303030304,0.42424242424242425 0.030303030303030304,-0.9393939393939394,0.030303030303030304 -0.3939393939393939,0.21212121212121213,-0.3939393939393939 -0.3333333333333333,0.30303030303030304,-0.36363636363636365 1.0 0.6666666666666666 0.65234375
y 0.45454545454545453,-0.2727272727272727,0.2727272727272727 0.02040816326530612,-0.9795918367346939 -0.12121212121212122,0.15151515151515152,-0.7272727272727273 0.02040816326530612,-0.9795918367346939 -0.3939393939393939,0.2727272727272727,-0.3333333333333333 0.02040816326530612,-0.24489795918367346,0.10204081632653061,-0.6326530612244898 0.6666666666666666 1.0 0.4869791666666667
z -0.07142857142857142,0.8928571428571429,-0.03571428571428571 -0.7272727272727273,0.2727272727272727 1.0 -0.9696969696969697,0.030303030303030304 -0.35714285714285715,0.25,-0.39285714285714285 0.06060606060606061,-0.15151515151515152,0.30303030303030304,-0.42424242424242425,0.06060606060606061 0.84375 0.6666666666666666 0.7465277777777778
A -0.46938775510204084,0.061224489795918366,-0.46938775510204084 -0.9795918367346939,0.02040816326530612 0.2857142857142857,-0.3469387755102041,0.3673469387755102 -0.9795918367346939,0.02040816326530612 -0.2857142857142857,0.061224489795918366,-0.24489795918367346,0.14285714285714285,-0.2653061224489796 0.30612244897959184,-0.30612244897959184,0.061224489795918366,-0.32653061224489793 1.0 1.0 0.5021701388888888
