### Filename
### ref/Serif/numbers-generated.png-ref.txt
1 -0.55,0.1,-0.35 -0.9795918367346939,0.02040816326530612 1.0 -0.12244897959183673,0.02040816326530612,-0.8367346938775511,0.02040816326530612 -0.35,0.3,-0.35 -1.0 0.3958333333333333 0.9795918367346939 0.7017543859649122
2 -0.34375,0.25,-0.40625 -0.7959183673469388,0.02040816326530612,-0.1836734693877551 0.875,-0.125 -0.2653061224489796,0.04081632653061224,-0.6530612244897959,0.04081632653061224 -0.59375,0.15625,-0.25 -0.08163265306122448,0.3877551020408163,-0.40816326530612246,0.12244897959183673 0.6458333333333334 0.9795918367346939 0.6538978494623656
3 -0.35714285714285715,0.2857142857142857,-0.35714285714285715 -0.58,0.16,-0.26 -0.14285714285714285,0.32142857142857145,-0.5357142857142857 -0.2,0.04,-0.64,0.06,-0.06 -0.2857142857142857,0.6071428571428571,-0.10714285714285714 -0.14,0.12,-0.22,0.38,-0.14 0.5510204081632653 1.0 0.6220710506424793
4 -0.6666666666666666,0.1111111111111111,-0.2222222222222222 -0.6530612244897959,0.10204081632653061,-0.24489795918367346 -0.6111111111111112,0.16666666666666666,-0.2222222222222222 -0.6326530612244898,0.12244897959183673,-0.24489795918367346 -0.16666666666666666,0.05555555555555555,-0.3888888888888889,0.16666666666666666,-0.2222222222222222 1.0 0.7291666666666666 0.9795918367346939 0.5988095238095238
5 -0.9310344827586207,0.06896551724137931 0.02,-0.98 -0.13793103448275862,0.3448275862068966,-0.5172413793103449 -0.9,0.06,-0.04 -0.5862068965517241,0.3103448275862069,-0.10344827586206896 -0.02,0.12,-0.3,0.42,-0.14 0.5714285714285714 1.0 0.6486880466472303
6 -0.78125,0.15625,-0.0625 -0.58,0.18,-0.24 -0.40625,0.25,-0.34375 -0.48,0.2,-0.32 0.28125,-0.375,0.25,-0.09375 -0.02,0.02,-0.36,0.22,-0.2,0.14,-0.04 0.6326530612244898 1.0 0.7248189598420013
7 -0.11764705882352941,0.8823529411764706 0.0625,-0.9375 -0.38235294117647056,0.11764705882352941,-0.5 -0.20833333333333334,0.020833333333333332,-0.7708333333333334 -0.6470588235294118,0.11764705882352941,-0.23529411764705882 0.125,-0.2708333333333333,0.25,-0.3541666666666667 0.7021276595744681 0.9591836734693877 0.4616376531270148
8 -0.375,0.3125,-0.3125 -0.68,0.14,-0.18 -0.34375,0.3125,-0.34375 -0.7,0.12,-0.18 -0.34375,0.375,-0.28125 -0.02,0.12,-0.12,0.14,-0.12,0.18,-0.2,0.06,-0.04 0.6326530612244898 1.0 0.8499012508229098
9 -0.34375,0.25,-0.40625 -0.3,0.2,-0.5 -0.0625,0.125,-0.8125 -0.24,0.18,-0.58 -0.0625,0.25,-0.46875,0.21875 -0.06,0.2,-0.24,0.04,-0.02,0.24,-0.2 0.6326530612244898 1.0 0.7123107307439105
0 -0.375,0.25,-0.375 -0.36,0.26,-0.38 -0.375,0.25,-0.375 -0.36,0.28,-0.36 0.21875,-0.5625,0.21875 -0.06,0.26,-0.38,0.24,-0.06 0.6326530612244898 1.0 0.7774851876234364
A -0.46938775510204084,0.061224489795918366,-0.46938775510204084 -0.9795918367346939,0.02040816326530612 0.2857142857142857,-0.3469387755102041,0.3673469387755102 -0.9795918367346939,0.02040816326530612 -0.2857142857142857,0.061224489795918366,-0.24489795918367346,0.14285714285714285,-0.2653061224489796 0.30612244897959184,-0.30612244897959184,0.061224489795918366,-0.32653061224489793 1.0 0.9795918367346939 0.5021701388888888
