### Filename
### ref/Serif/symbols-generated.png-ref.txt
( -0.9444444444444444,0.05555555555555555 0.03278688524590164,-0.9344262295081968,0.03278688524590164 -0.8888888888888888,0.1111111111111111 -0.39344262295081966,0.21311475409836064,-0.39344262295081966 0.3333333333333333,-0.6666666666666666 -1.0 0.2833333333333333 1.0 0.5303921568627451
) 0.1111111111111111,-0.8888888888888888 -0.4098360655737705,0.19672131147540983,-0.39344262295081966 0.1111111111111111,-0.8888888888888888 0.03278688524590164,-0.9344262295081968,0.03278688524590164 -0.6666666666666666,0.3333333333333333 -1.0 0.2833333333333333 1.0 0.5186274509803922
[ 1.0 0.01694915254237288,-0.9661016949152542,0.01694915254237288 1.0 1.0 0.375,-0.625 -1.0 0.25862068965517243 0.9666666666666667 0.8551724137931035
] 1.0 1.0 1.0 0.01694915254237288,-0.9661016949152542,0.01694915254237288 -0.625,0.375 -1.0 0.25862068965517243 0.9666666666666667 0.8517241379310345
, -0.2,0.5,-0.3 -0.17647058823529413,0.35294117647058826,-0.47058823529411764 -0.2,0.1,-0.7 -0.11764705882352941,0.17647058823529413,-0.7058823529411765 -0.8,0.2 -0.11764705882352941,0.5294117647058824,-0.35294117647058826 0.5625 0.26666666666666666 1.0694444444444444
. -0.25,0.5,-0.25 -0.25,0.5,-0.25 -0.25,0.5,-0.25 -0.25,0.5,-0.25 1.0 1.0 1.0 0.11666666666666667 2.0408163265306123
/ -0.8235294117647058,0.17647058823529413 0.061224489795918366,-0.9387755102040817 0.17647058823529413,-0.8235294117647058 -0.9387755102040817,0.061224489795918366 -0.4117647058823529,0.17647058823529413,-0.4117647058823529 -1.0 0.3333333333333333 0.8 0.39453125
° -0.3333333333333333,0.3333333333333333,-0.3333333333333333 -0.3333333333333333,0.3333333333333333,-0.3333333333333333 -0.3333333333333333,0.3333333333333333,-0.3333333333333333 -0.3333333333333333,0.3333333333333333,-0.3333333333333333 0.19047619047619047,-0.6190476190476191,0.19047619047619047 0.19047619047619047,-0.6190476190476191,0.19047619047619047 1.0 0.3333333333333333 1.0325
# -0.4722222222222222,0.1111111111111111,-0.2222222222222222,0.1111111111111111,-0.08333333333333333 -0.3125,0.020833333333333332,-0.6666666666666666 -0.08333333333333333,0.1111111111111111,-0.2222222222222222,0.1111111111111111,-0.4722222222222222 -0.6458333333333334,0.020833333333333332,-0.3333333333333333 -0.2777777777777778,0.1111111111111111,-0.2222222222222222,0.1111111111111111,-0.2777777777777778 -0.3125,0.041666666666666664,-0.041666666666666664,0.2916666666666667,-0.3125 0.7446808510638298 0.7833333333333333 0.5775075987841946
@ -0.4528301886792453,0.20754716981132076,-0.33962264150943394 -0.30612244897959184,0.1836734693877551,-0.5102040816326531 -0.39622641509433965,0.24528301886792453,-0.3584905660377358 -0.42857142857142855,0.20408163265306123,-0.3673469387755102 0.07547169811320754,-0.18867924528301888,0.11320754716981132,-0.22641509433962265,0.11320754716981132,-0.22641509433962265,0.03773584905660377,-0.018867924528301886 0.061224489795918366,-0.22448979591836735,0.061224489795918366,-0.3877551020408163,0.04081632653061224,-0.1836734693877551,0.04081632653061224 1.0833333333333333 0.8 0.5604967948717948
' -0.16666666666666666,0.6666666666666666,-0.16666666666666666 -0.05,0.35,-0.6 -0.3333333333333333,0.3333333333333333,-0.3333333333333333 -0.05,0.4,-0.55 -0.16666666666666666,0.6666666666666666,-0.16666666666666666 -1.0 0.2631578947368421 0.31666666666666665 1.736842105263158
§ -0.4,0.28,-0.32 -0.4576271186440678,0.1016949152542373,-0.4406779661016949 -0.32,0.28,-0.4 -0.423728813559322,0.1016949152542373,-0.4745762711864407 0.2,-0.6,0.2 -1.0 0.41379310344827586 0.9666666666666667 0.7902298850574713
- 1.0 1.0 1.0 1.0 1.0 1.0 5.666666666666667 0.05 2.5098039215686274
_ 1.0 1.0 1.0 1.0 1.0 1.0 11.666666666666666 0.05 2.419047619047619
* -0.44,0.12,-0.44 -0.23333333333333334,0.1,-0.3333333333333333,0.1,-0.23333333333333334 -0.44,0.12,-0.44 -0.23333333333333334,0.1,-0.3333333333333333,0.1,-0.23333333333333334 -0.44,0.12,-0.44 -0.03333333333333333,0.16666666666666666,-0.23333333333333334,0.03333333333333333,-0.06666666666666667,0.03333333333333333,-0.23333333333333334,0.16666666666666666,-0.03333333333333333 0.8275862068965517 0.48333333333333334 0.7212643678160919
^ -0.4482758620689655,0.10344827586206896,-0.4482758620689655 -0.9333333333333333,0.06666666666666667 0.13793103448275862,-0.7241379310344828,0.13793103448275862 -0.9333333333333333,0.06666666666666667 -0.2413793103448276,0.13793103448275862,-0.2413793103448276,0.13793103448275862,-0.2413793103448276 0.23333333333333334,-0.7666666666666667 0.9655172413793104 0.48333333333333334 0.5800492610837439
$ -0.45161290322580644,0.0967741935483871,-0.45161290322580644 -0.6333333333333333,0.11666666666666667,-0.25 -0.45161290322580644,0.0967741935483871,-0.45161290322580644 -0.6833333333333333,0.16666666666666666,-0.15 -0.3548387096774194,0.41935483870967744,-0.22580645161290322 -0.5833333333333334,0.2,-0.21666666666666667 0.5084745762711864 0.9833333333333333 0.6774011299435029
€ -0.5319148936170213,0.2127659574468085,-0.2553191489361702 -0.15217391304347827,0.021739130434782608,-0.8260869565217391 -0.5319148936170213,0.2127659574468085,-0.2553191489361702 -0.45652173913043476,0.021739130434782608,-0.1956521739130435,0.021739130434782608,-0.30434782608695654 -0.1276595744680851,0.10638297872340426,-0.7659574468085106 -0.021739130434782608,0.10869565217391304,-0.2391304347826087,0.10869565217391304,-0.10869565217391304,0.10869565217391304,-0.17391304347826086,0.10869565217391304,-0.021739130434782608 1.0222222222222221 0.75 0.7942028985507247
£ -0.5428571428571428,0.22857142857142856,-0.22857142857142856 -0.7959183673469388,0.04081632653061224,-0.16326530612244897 -0.08571428571428572,0.11428571428571428,-0.34285714285714286,0.2,-0.2571428571428571 -0.8775510204081632,0.08163265306122448,-0.04081632653061224 -0.02857142857142857,0.7142857142857143,-0.2571428571428571 0.04081632653061224,-0.40816326530612246,0.061224489795918366,-0.3673469387755102,0.12244897959183673 0.7083333333333334 0.8 0.6115196078431373
` -0.06666666666666667,0.2,-0.7333333333333333 -0.9166666666666666,0.08333333333333333 -0.8,0.2 -0.08333333333333333,0.25,-0.6666666666666666 -0.2,0.4,-0.4 -0.16666666666666666,0.4166666666666667,-0.4166666666666667 1.2727272727272727 0.18333333333333332 0.7012987012987013
´ -0.7333333333333333,0.2,-0.06666666666666667 -0.08333333333333333,0.25,-0.6666666666666666 0.2,-0.8 -0.9166666666666666,0.08333333333333333 -0.4,0.4,-0.2 -0.5,0.3333333333333333,-0.16666666666666666 1.2727272727272727 0.18333333333333332 0.7662337662337663
+ -0.4444444444444444,0.1111111111111111,-0.4444444444444444 -0.4444444444444444,0.1111111111111111,-0.4444444444444444 -0.4444444444444444,0.1111111111111111,-0.4444444444444444 -0.4444444444444444,0.1111111111111111,-0.4444444444444444 1.0 1.0 1.0 0.5833333333333334 0.4424489795918367
< -0.9487179487179487,0.05128205128205128 0.12121212121212122,-0.7575757575757576,0.12121212121212122 -0.9487179487179487,0.05128205128205128 -0.45454545454545453,0.09090909090909091,-0.45454545454545453 0.20512820512820512,-0.7948717948717948 -0.2727272727272727,0.12121212121212122,-0.21212121212121213,0.12121212121212122,-0.2727272727272727 1.1875 0.5333333333333333 0.5016447368421053
> 0.05128205128205128,-0.9487179487179487 -0.45454545454545453,0.09090909090909091,-0.45454545454545453 0.05128205128205128,-0.9487179487179487 0.12121212121212122,-0.7575757575757576,0.12121212121212122 -0.7948717948717948,0.20512820512820512 -0.18181818181818182,0.15151515151515152,-0.3333333333333333,0.15151515151515152,-0.18181818181818182 1.1875 0.5333333333333333 0.46957236842105265
| 1.0 1.0 1.0 1.0 1.0 -1.0 0.0625 0.8 2.7083333333333335
A -0.46938775510204084,0.061224489795918366,-0.46938775510204084 -0.9795918367346939,0.02040816326530612 0.2857142857142857,-0.3469387755102041,0.3673469387755102 -0.9795918367346939,0.02040816326530612 -0.2857142857142857,0.061224489795918366,-0.24489795918367346,0.14285714285714285,-0.2653061224489796 0.30612244897959184,-0.30612244897959184,0.061224489795918366,-0.32653061224489793 1.0 0.8 0.5021701388888888
