### Filename
### ref/Avenir-Black/capitals-generated.png-ref.txt
A -0.41509433962264153,0.16981132075471697,-0.41509433962264153 -0.9607843137254902,0.0392156862745098 0.24528301886792453,-0.5283018867924528,0.22641509433962265 -0.9803921568627451,0.0196078431372549 -0.20754716981132076,0.20754716981132076,-0.16981132075471697,0.20754716981132076,-0.20754716981132076 0.3137254901960784,-0.27450980392156865,0.19607843137254902,-0.21568627450980393 1.04 0.9615384615384616 0.9476923076923077
B 0.65,-0.35 -0.6470588235294118,0.1568627450980392,-0.19607843137254902 0.65,-0.35 1.0 0.825,-0.175 0.23529411764705882,-0.11764705882352941,0.2549019607843137,-0.17647058823529413,0.21568627450980393 0.78 0.9615384615384616 1.5364102564102564
C -0.4782608695652174,0.2391304347826087,-0.2826086956521739 -0.8301886792452831,0.018867924528301886,-0.1509433962264151 -0.4782608695652174,0.2391304347826087,-0.2826086956521739 -0.39622641509433965,0.20754716981132076,-0.39622641509433965 0.2608695652173913,-0.7391304347826086 0.18867924528301888,-0.6226415094339622,0.18867924528301888 0.8653846153846154 1.0 0.9166666666666666
D 0.5,-0.5 -0.39215686274509803,0.21568627450980393,-0.39215686274509803 0.5208333333333334,-0.4791666666666667 1.0 0.22916666666666666,-0.5208333333333334,0.25 -0.0196078431372549,0.19607843137254902,-0.5686274509803921,0.19607843137254902,-0.0196078431372549 0.94 0.9615384615384616 1.2459574468085106
E 0.9444444444444444,-0.05555555555555555 -0.803921568627451,0.19607843137254902 1.0 1.0 0.9166666666666666,-0.08333333333333333 0.19607843137254902,-0.19607843137254902,0.19607843137254902,-0.21568627450980393,0.19607843137254902 0.7 0.9615384615384616 1.4228571428571428
F 1.0 0.19607843137254902,-0.803921568627451 0.3235294117647059,-0.6764705882352942 1.0 0.9411764705882353,-0.058823529411764705 0.19607843137254902,-0.21568627450980393,0.19607843137254902,-0.39215686274509803 0.66 0.9615384615384616 1.1939393939393939
G -0.4489795918367347,0.2653061224489796,-0.2857142857142857 -0.41509433962264153,0.49056603773584906,-0.09433962264150944 -0.4489795918367347,0.2653061224489796,-0.2857142857142857 -0.39622641509433965,0.20754716981132076,-0.39622641509433965 0.24489795918367346,-0.3469387755102041,0.40816326530612246 0.18867924528301888,-0.6226415094339622,0.18867924528301888 0.9230769230769231 1.0 1.1594551282051282
H 0.24444444444444444,-0.5111111111111111,0.24444444444444444 1.0 0.24444444444444444,-0.5111111111111111,0.24444444444444444 1.0 1.0 -0.37254901960784315,0.19607843137254902,-0.43137254901960786 0.88 0.9615384615384616 1.225
I 1.0 1.0 1.0 1.0 1.0 -1.0 0.2 0.9615384615384616 2.226
J -0.65625,0.34375 0.7692307692307693,-0.23076923076923078 -0.375,0.28125,-0.34375 -0.7692307692307693,0.019230769230769232,-0.21153846153846154 -0.65625,0.34375 0.9615384615384616,-0.038461538461538464 0.6078431372549019 0.9807692307692307 0.92662871600253
K 0.23404255319148937,-0.40425531914893614,0.3191489361702128,-0.0425531914893617 -0.9803921568627451,0.0196078431372549 0.23404255319148937,-0.425531914893617,0.3404255319148936 1.0 0.5106382978723404,-0.48936170212765956 -0.11764705882352941,0.29411764705882354,-0.11764705882352941,0.3333333333333333,-0.13725490196078433 0.92 0.9615384615384616 1.1334782608695653
L 0.34375,-0.65625 -0.803921568627451,0.19607843137254902 1.0 1.0 0.34375,-0.65625 -0.803921568627451,0.19607843137254902 0.62 0.9615384615384616 0.9890322580645161
M 0.29310344827586204,-0.41379310344827586,0.29310344827586204 1.0 0.1896551724137931,-0.22413793103448276,0.15517241379310345,-0.2413793103448276,0.1896551724137931 1.0 0.1896551724137931,-0.08620689655172414,0.1724137931034483,-0.10344827586206896,0.1724137931034483,-0.08620689655172414,0.1896551724137931 -0.47058823529411764,0.5294117647058824 1.14 0.9615384615384616 1.4154385964912282
N 0.32653061224489793,-0.4489795918367347,0.22448979591836735 1.0 0.22448979591836735,-0.46938775510204084,0.30612244897959184 1.0 0.22448979591836735,-0.14285714285714285,0.2857142857142857,-0.12244897959183673,0.22448979591836735 -0.3137254901960784,0.43137254901960786,-0.2549019607843137 0.96 0.9615384615384616 1.3945833333333333
O -0.39285714285714285,0.21428571428571427,-0.39285714285714285 -0.39622641509433965,0.20754716981132076,-0.39622641509433965 -0.39285714285714285,0.21428571428571427,-0.39285714285714285 -0.39622641509433965,0.20754716981132076,-0.39622641509433965 0.21428571428571427,-0.5714285714285714,0.21428571428571427 0.18867924528301888,-0.6226415094339622,0.18867924528301888 1.0576923076923077 1.0 1.067132867132867
P 0.6578947368421053,-0.34210526315789475 -0.21568627450980393,0.17647058823529413,-0.6078431372549019 0.2894736842105263,-0.7105263157894737 1.0 0.9210526315789473,-0.07894736842105263 -0.0196078431372549,0.23529411764705882,-0.09803921568627451,0.23529411764705882,-0.4117647058823529 0.74 0.9615384615384616 1.2259459459459459
Q -0.3728813559322034,0.1864406779661017,-0.4406779661016949 -0.8269230769230769,0.17307692307692307 -0.3728813559322034,0.6271186440677966 -0.40384615384615385,0.21153846153846154,-0.38461538461538464 0.2033898305084746,-0.5254237288135594,0.2033898305084746,-0.06779661016949153 0.19230769230769232,-0.6153846153846154,0.19230769230769232 1.1372549019607843 0.9807692307692307 1.0956727518593645
R 0.6097560975609756,-0.3902439024390244 -0.9803921568627451,0.0196078431372549 0.2682926829268293,-0.3902439024390244,0.34146341463414637 1.0 0.8780487804878049,-0.12195121951219512 -0.0196078431372549,0.21568627450980393,-0.13725490196078433,0.5686274509803921,-0.058823529411764705 0.8 0.9615384615384616 1.407
S -0.43243243243243246,0.2972972972972973,-0.2702702702702703 -0.09433962264150944,0.018867924528301886,-0.49056603773584906,0.16981132075471697,-0.22641509433962265 -0.32432432432432434,0.2972972972972973,-0.3783783783783784 -0.8867924528301887,0.018867924528301886,-0.09433962264150944 -0.1891891891891892,0.7027027027027027,-0.10810810810810811 0.20754716981132076,-0.22641509433962265,0.5471698113207547,-0.018867924528301886 0.6923076923076923 1.0 1.1629273504273505
T 1.0 0.19607843137254902,-0.803921568627451 -0.36585365853658536,0.2682926829268293,-0.36585365853658536 0.19607843137254902,-0.803921568627451 -0.36585365853658536,0.2682926829268293,-0.36585365853658536 1.0 0.8 0.9615384615384616 0.8415
U 0.2558139534883721,-0.4883720930232558,0.2558139534883721 0.6923076923076923,-0.3076923076923077 -0.37209302325581395,0.2558139534883721,-0.37209302325581395 0.6923076923076923,-0.3076923076923077 0.2558139534883721,-0.4883720930232558,0.2558139534883721 -0.7884615384615384,0.21153846153846154 0.8235294117647058 0.9807692307692307 1.1517273576097105
V 0.2549019607843137,-0.49019607843137253,0.2549019607843137 0.0196078431372549,-0.9803921568627451 -0.39215686274509803,0.19607843137254902,-0.4117647058823529 0.0196078431372549,-0.9803921568627451 -0.19607843137254902,0.2549019607843137,-0.11764705882352941,0.21568627450980393,-0.21568627450980393 -0.6470588235294118,0.35294117647058826 1.0 0.9615384615384616 0.8624
W 0.16666666666666666,-0.2638888888888889,0.1527777777777778,-0.2638888888888889,0.1527777777777778 0.0392156862745098,-0.9607843137254902 -0.20833333333333334,0.1388888888888889,-0.3055555555555556,0.1388888888888889,-0.20833333333333334 0.0392156862745098,-0.9607843137254902 -0.09722222222222222,0.1527777777777778,-0.06944444444444445,0.1388888888888889,-0.08333333333333333,0.1527777777777778,-0.05555555555555555,0.1527777777777778,-0.09722222222222222 -0.3333333333333333,0.6078431372549019,-0.058823529411764705 1.42 0.9615384615384616 1.055774647887324
X -0.019230769230769232,0.2692307692307692,-0.40384615384615385,0.2692307692307692,-0.038461538461538464 -0.9803921568627451,0.0196078431372549 0.2692307692307692,-0.46153846153846156,0.2692307692307692 -0.9803921568627451,0.0196078431372549 -0.3269230769230769,0.3269230769230769,-0.34615384615384615 -0.3333333333333333,0.27450980392156865,-0.39215686274509803 1.02 0.9615384615384616 0.9741176470588235
Y 0.2857142857142857,-0.4489795918367347,0.2653061224489796 0.0196078431372549,-0.9803921568627451 -0.3877551020408163,0.22448979591836735,-0.3877551020408163 0.0196078431372549,-0.9803921568627451 -0.3469387755102041,0.30612244897959184,-0.3469387755102041 -0.3333333333333333,0.6666666666666666 0.96 0.9615384615384616 0.7529166666666667
Z 0.975,-0.025 -0.803921568627451,0.19607843137254902 1.0 0.19607843137254902,-0.5686274509803921,0.23529411764705882 -0.3,0.35,-0.35 0.5098039215686274,-0.29411764705882354,0.19607843137254902 0.78 0.9615384615384616 1.2364102564102564
