### Filename
### ref/Avenir-Black/symbols-generated.png-ref.txt
( -0.6111111111111112,0.05555555555555555,-0.3333333333333333 -0.0625,0.03125,-0.8125,0.03125,-0.0625 -0.6111111111111112,0.05555555555555555,-0.3333333333333333 -0.390625,0.21875,-0.390625 0.5,-0.5 -1.0 0.2698412698412698 0.8873239436619719 1.0513538748832867
) -0.3333333333333333,0.05555555555555555,-0.6111111111111112 -0.390625,0.21875,-0.390625 -0.3333333333333333,0.05555555555555555,-0.6111111111111112 -0.0625,0.03125,-0.8125,0.03125,-0.0625 -0.5,0.5 -1.0 0.2698412698412698 0.8873239436619719 0.9981325863678805
[ 1.0 0.09523809523809523,-0.8095238095238095,0.09523809523809523 1.0 1.0 0.6,-0.4 -1.0 0.22580645161290322 0.8732394366197183 1.457373271889401
] 1.0 1.0 1.0 0.09523809523809523,-0.8095238095238095,0.09523809523809523 -0.4,0.6 -1.0 0.22580645161290322 0.8732394366197183 1.457373271889401
, -0.3125,0.6875 0.1,-0.9 0.625,-0.375 -0.9,0.1 -0.1875,0.625,-0.1875 1.0 0.7894736842105263 0.2676056338028169 1.4
. -0.3076923076923077,0.38461538461538464,-0.3076923076923077 -0.3076923076923077,0.38461538461538464,-0.3076923076923077 -0.3076923076923077,0.38461538461538464,-0.3076923076923077 -0.3076923076923077,0.38461538461538464,-0.3076923076923077 1.0 1.0 1.0 0.16901408450704225 1.8611111111111112
/ -0.6666666666666666,0.03333333333333333,-0.3 -0.05084745762711865,0.01694915254237288,-0.9322033898305084 -0.23333333333333334,0.03333333333333333,-0.7333333333333333 -0.9152542372881356,0.03389830508474576,-0.05084745762711865 -0.3333333333333333,0.3,-0.36666666666666664 -0.05084745762711865,0.01694915254237288,-0.9322033898305084 0.5 0.8169014084507042 0.5998810939357907
° -0.36,0.28,-0.36 -0.36,0.28,-0.36 -0.36,0.28,-0.36 -0.36,0.28,-0.36 0.24,-0.52,0.24 0.24,-0.52,0.24 1.0 0.3380281690140845 1.2013888888888888
# -0.3055555555555556,0.19444444444444445,-0.19444444444444445,0.19444444444444445,-0.1111111111111111 -0.29411764705882354,0.11764705882352941,-0.5882352941176471 -0.1111111111111111,0.19444444444444445,-0.19444444444444445,0.19444444444444445,-0.3055555555555556 -0.5882352941176471,0.11764705882352941,-0.29411764705882354 -0.2222222222222222,0.19444444444444445,-0.19444444444444445,0.19444444444444445,-0.19444444444444445 0.9803921568627451,-0.0196078431372549 0.7 0.704225352112676 1.0851428571428572
@ -0.41509433962264153,0.20754716981132076,-0.37735849056603776 -0.3584905660377358,0.18867924528301888,-0.4528301886792453 -0.41509433962264153,0.20754716981132076,-0.37735849056603776 -0.39622641509433965,0.20754716981132076,-0.39622641509433965 0.1320754716981132,-0.09433962264150944,0.1509433962264151,-0.22641509433962265,0.1320754716981132,-0.1320754716981132,0.1320754716981132 0.11320754716981132,-0.1320754716981132,0.11320754716981132,-0.3018867924528302,0.09433962264150944,-0.1320754716981132,0.11320754716981132 1.0 0.7323943661971831 1.0632396449704142
' 1.0 1.0 1.0 1.0 1.0 -1.0 0.42105263157894735 0.2676056338028169 2.3223684210526314
§ -0.40540540540540543,0.2702702702702703,-0.32432432432432434 -0.4603174603174603,0.09523809523809523,-0.4444444444444444 -0.32432432432432434,0.2702702702702703,-0.40540540540540543 -0.8412698412698413,0.015873015873015872,-0.14285714285714285 -0.05405405405405406,0.2972972972972973,-0.35135135135135137,0.2972972972972973 -0.06349206349206349,0.09523809523809523,-0.20634920634920634,0.2857142857142857,-0.015873015873015872,0.25396825396825395,-0.07936507936507936 0.5806451612903226 0.8732394366197183 1.2190860215053763
- 1.0 1.0 1.0 1.0 1.0 1.0 2.125 0.11267605633802817 2.264705882352941
_ 1.0 1.0 1.0 1.0 1.0 1.0 11.666666666666666 0.04225352112676056 2.419047619047619
* -0.3870967741935484,0.22580645161290322,-0.3870967741935484 -0.4482758620689655,0.034482758620689655,-0.5172413793103449 -0.2903225806451613,0.03225806451612903,-0.3548387096774194,0.03225806451612903,-0.2903225806451613 -0.4482758620689655,0.034482758620689655,-0.5172413793103449 -0.0967741935483871,0.8064516129032258,-0.0967741935483871 0.7586206896551724,-0.2413793103448276 1.0714285714285714 0.39436619718309857 1.0583333333333333
^ -0.3611111111111111,0.2777777777777778,-0.3611111111111111 -0.9615384615384616,0.038461538461538464 0.2777777777777778,-0.4444444444444444,0.2777777777777778 -0.9615384615384616,0.038461538461538464 -0.19444444444444445,0.25,-0.1111111111111111,0.25,-0.19444444444444445 -0.038461538461538464,0.7692307692307693,-0.19230769230769232 1.4 0.352112676056338 1.054857142857143
$ -0.45,0.125,-0.425 -0.6031746031746031,0.12698412698412698,-0.2698412698412698 -0.45,0.125,-0.425 -0.8253968253968254,0.015873015873015872,-0.15873015873015872 -0.175,0.7,-0.125 -0.09523809523809523,0.19047619047619047,-0.1746031746031746,0.42857142857142855,-0.1111111111111111 0.6290322580645161 0.8732394366197183 1.088089330024814
€ -0.5609756097560976,0.2682926829268293,-0.17073170731707318 -0.8679245283018868,0.018867924528301886,-0.11320754716981132 -0.4878048780487805,0.24390243902439024,-0.2682926829268293 -0.4339622641509434,0.018867924528301886,-0.20754716981132076,0.018867924528301886,-0.32075471698113206 -0.12195121951219512,0.2682926829268293,-0.6097560975609756 0.18867924528301888,-0.1320754716981132,0.1320754716981132,-0.11320754716981132,0.11320754716981132,-0.1509433962264151,0.16981132075471697 0.7692307692307693 0.7323943661971831 1.0822115384615385
£ -0.5,0.25,-0.25 -0.09615384615384616,0.019230769230769232,-0.8846153846153846 0.9,-0.1 -0.4230769230769231,0.1346153846153846,-0.28846153846153844,0.15384615384615385 0.725,-0.275 0.19230769230769232,-0.23076923076923078,0.1346153846153846,-0.28846153846153844,0.15384615384615385 0.7647058823529411 0.7183098591549296 1.0427350427350428
` 0.6818181818181818,-0.3181818181818182 -0.9,0.1 -0.5454545454545454,0.45454545454545453 0.1,-0.9 -0.2727272727272727,0.5454545454545454,-0.18181818181818182 0.4,-0.6 2.3333333333333335 0.1267605633802817 1.2063492063492063
´ -0.3181818181818182,0.6818181818181818 0.1,-0.9 0.45454545454545453,-0.5454545454545454 -0.9,0.1 -0.18181818181818182,0.5454545454545454,-0.2727272727272727 -0.4,0.6 2.3333333333333335 0.1267605633802817 1.2222222222222223
+ -0.38461538461538464,0.23076923076923078,-0.38461538461538464 -0.38461538461538464,0.23076923076923078,-0.38461538461538464 -0.38461538461538464,0.23076923076923078,-0.38461538461538464 -0.38461538461538464,0.23076923076923078,-0.38461538461538464 1.0 1.0 1.0 0.5352112676056338 0.8552631578947368
< -0.9722222222222222,0.027777777777777776 0.2631578947368421,-0.47368421052631576,0.2631578947368421 -0.9722222222222222,0.027777777777777776 -0.3684210526315789,0.2631578947368421,-0.3684210526315789 0.3888888888888889,-0.6111111111111112 -0.18421052631578946,0.2631578947368421,-0.10526315789473684,0.2631578947368421,-0.18421052631578946 0.9459459459459459 0.5211267605633803 0.9799227799227799
> 0.027777777777777776,-0.9722222222222222 -0.3684210526315789,0.2631578947368421,-0.3684210526315789 0.027777777777777776,-0.9722222222222222 0.2631578947368421,-0.47368421052631576,0.2631578947368421 -0.6111111111111112,0.3888888888888889 -0.18421052631578946,0.2631578947368421,-0.10526315789473684,0.2631578947368421,-0.18421052631578946 0.9459459459459459 0.5211267605633803 0.9660231660231661
| 1.0 1.0 1.0 1.0 1.0 -1.0 0.11267605633802817 1.0 2.2693661971830985
A -0.41509433962264153,0.16981132075471697,-0.41509433962264153 -0.9607843137254902,0.0392156862745098 0.24528301886792453,-0.5283018867924528,0.22641509433962265 -0.9803921568627451,0.0196078431372549 -0.20754716981132076,0.20754716981132076,-0.16981132075471697,0.20754716981132076,-0.20754716981132076 0.3137254901960784,-0.27450980392156865,0.19607843137254902,-0.21568627450980393 1.04 0.704225352112676 0.9476923076923077
