### Filename
### ref/Courier/capitals-generated.png-ref.txt
A -0.18181818181818182,0.38636363636363635,-0.4318181818181818 -0.9285714285714286,0.047619047619047616,-0.023809523809523808 -0.022727272727272728,0.3409090909090909,-0.2727272727272727,0.3409090909090909,-0.022727272727272728 -0.9285714285714286,0.047619047619047616,-0.023809523809523808 -0.22727272727272727,0.13636363636363635,-0.2727272727272727,0.11363636363636363,-0.25 0.19047619047619047,-0.38095238095238093,0.09523809523809523,-0.3333333333333333 1.048780487804878 0.803921568627451 0.7146908678389109
B -0.02702702702702703,0.6486486486486487,-0.32432432432432434 -0.6190476190476191,0.16666666666666666,-0.21428571428571427 -0.02702702702702703,0.7027027027027027,-0.2702702702702703 -0.9285714285714286,0.047619047619047616,-0.023809523809523808 -0.16216216216216217,0.7027027027027027,-0.13513513513513514 0.09523809523809523,-0.3333333333333333,0.09523809523809523,-0.38095238095238093,0.09523809523809523 0.8780487804878049 0.803921568627451 0.9051490514905149
C -0.4166666666666667,0.2222222222222222,-0.3611111111111111 -0.7727272727272727,0.045454545454545456,-0.18181818181818182 -0.4166666666666667,0.25,-0.3333333333333333 -0.38636363636363635,0.22727272727272727,-0.38636363636363635 0.16666666666666666,-0.8333333333333334 0.09090909090909091,-0.7727272727272727,0.13636363636363635 0.813953488372093 0.8431372549019608 0.7036544850498339
D -0.02702702702702703,0.5675675675675675,-0.40540540540540543 -0.38095238095238093,0.23809523809523808,-0.38095238095238093 -0.02702702702702703,0.5405405405405406,-0.43243243243243246 -0.023809523809523808,0.047619047619047616,-0.8571428571428571,0.047619047619047616,-0.023809523809523808 -0.13513513513513514,0.13513513513513514,-0.5675675675675675,0.16216216216216217 0.11904761904761904,-0.7857142857142857,0.09523809523809523 0.8780487804878049 0.803921568627451 0.782520325203252
E 0.9714285714285714,-0.02857142857142857 -0.023809523809523808,0.2857142857142857,-0.35714285714285715,0.30952380952380953,-0.023809523809523808 0.9714285714285714,-0.02857142857142857 0.09523809523809523,-0.8095238095238095,0.09523809523809523 -0.17142857142857143,0.5428571428571428,-0.2857142857142857 0.09523809523809523,-0.30952380952380953,0.09523809523809523,-0.40476190476190477,0.09523809523809523 0.8292682926829268 0.803921568627451 0.9074605451936872
F -0.027777777777777776,0.9444444444444444,-0.027777777777777776 -0.023809523809523808,0.2857142857142857,-0.6904761904761905 -0.027777777777777776,0.5833333333333334,-0.3888888888888889 -0.023809523809523808,0.047619047619047616,-0.8571428571428571,0.047619047619047616,-0.023809523809523808 -0.19444444444444445,0.5277777777777778,-0.2777777777777778 0.09523809523809523,-0.30952380952380953,0.09523809523809523,-0.40476190476190477,0.09523809523809523 0.8536585365853658 0.803921568627451 0.7393728222996516
G -0.39473684210526316,0.23684210526315788,-0.3684210526315789 -0.5454545454545454,0.06818181818181818,-0.38636363636363635 -0.42105263157894735,0.2631578947368421,-0.3157894736842105 -0.38636363636363635,0.25,-0.36363636363636365 0.15789473684210525,-0.8421052631578947 0.09090909090909091,-0.45454545454545453,0.09090909090909091,-0.2727272727272727,0.09090909090909091 0.8604651162790697 0.8431372549019608 0.7441860465116279
H -0.02631578947368421,0.39473684210526316,-0.15789473684210525,0.39473684210526316,-0.02631578947368421 -0.023809523809523808,0.047619047619047616,-0.8571428571428571,0.047619047619047616,-0.023809523809523808 -0.02631578947368421,0.39473684210526316,-0.15789473684210525,0.39473684210526316,-0.02631578947368421 -0.023809523809523808,0.047619047619047616,-0.8571428571428571,0.047619047619047616,-0.023809523809523808 -0.13157894736842105,0.7368421052631579,-0.13157894736842105 -0.42857142857142855,0.09523809523809523,-0.47619047619047616 0.9024390243902439 0.803921568627451 0.8714568226763348
I 1.0 0.07142857142857142,-0.8333333333333334,0.07142857142857142,-0.023809523809523808 -0.034482758620689655,0.9310344827586207,-0.034482758620689655 0.07142857142857142,-0.8333333333333334,0.07142857142857142,-0.023809523809523808 -0.41379310344827586,0.1724137931034483,-0.41379310344827586 0.09523809523809523,-0.8095238095238095,0.09523809523809523 0.6829268292682927 0.803921568627451 0.6698606271777003
J -0.2702702702702703,0.7027027027027027,-0.02702702702702703 -0.023255813953488372,0.046511627906976744,-0.9302325581395349 -0.24324324324324326,0.2702702702702703,-0.4864864864864865 -0.5813953488372093,0.32558139534883723,-0.09302325581395349 -0.6216216216216216,0.13513513513513514,-0.24324324324324326 0.09302325581395349,-0.7209302325581395,0.16279069767441862,-0.023255813953488372 0.8571428571428571 0.8235294117647058 0.5694444444444444
K -0.02564102564102564,0.4358974358974359,-0.15384615384615385,0.3333333333333333,-0.05128205128205128 -0.9285714285714286,0.047619047619047616,-0.023809523809523808 -0.02564102564102564,0.4358974358974359,-0.3333333333333333,0.1794871794871795,-0.02564102564102564 -0.023809523809523808,0.047619047619047616,-0.8571428571428571,0.047619047619047616,-0.023809523809523808 -0.1794871794871795,0.4358974358974359,-0.38461538461538464 -0.2619047619047619,0.16666666666666666,-0.023809523809523808,0.16666666666666666,-0.38095238095238093 0.926829268292683 0.803921568627451 0.8395378690629012
L -0.02631578947368421,0.6052631578947368,-0.3684210526315789 -0.5952380952380952,0.38095238095238093,-0.023809523809523808 -0.02631578947368421,0.9473684210526315,-0.02631578947368421 -0.047619047619047616,0.023809523809523808,-0.8571428571428571,0.023809523809523808,-0.047619047619047616 -0.23684210526315788,0.13157894736842105,-0.631578947368421 0.09523809523809523,-0.8095238095238095,0.09523809523809523 0.9024390243902439 0.803921568627451 0.6123928806855636
M -0.046511627906976744,0.23255813953488372,-0.4418604651162791,0.23255813953488372,-0.046511627906976744 -0.9285714285714286,0.047619047619047616,-0.023809523809523808 -0.023255813953488372,0.32558139534883723,-0.3023255813953488,0.32558139534883723,-0.023255813953488372 -0.9285714285714286,0.047619047619047616,-0.023809523809523808 -0.11627906976744186,0.11627906976744186,-0.11627906976744186,0.11627906976744186,-0.06976744186046512,0.09302325581395349,-0.11627906976744186,0.13953488372093023,-0.11627906976744186 -0.5238095238095238,0.16666666666666666,-0.30952380952380953 1.024390243902439 0.803921568627451 0.89198606271777
N -0.025,0.275,-0.325,0.35,-0.025 -0.023255813953488372,0.046511627906976744,-0.9302325581395349 -0.775,0.125,-0.1 -0.023255813953488372,0.046511627906976744,-0.9302325581395349 -0.15,0.125,-0.2,0.125,-0.175,0.125,-0.1 -0.3953488372093023,0.20930232558139536,-0.3953488372093023 0.9285714285714286 0.8235294117647058 0.8876678876678876
O -0.3783783783783784,0.24324324324324326,-0.3783783783783784 -0.38636363636363635,0.25,-0.36363636363636365 -0.3783783783783784,0.24324324324324326,-0.3783783783783784 -0.36363636363636365,0.25,-0.38636363636363635 0.16216216216216217,-0.6756756756756757,0.16216216216216217 0.09090909090909091,-0.8181818181818182,0.09090909090909091 0.8372093023255814 0.8431372549019608 0.7215762273901809
P -0.027777777777777776,0.6666666666666666,-0.3055555555555556 -0.21428571428571427,0.19047619047619047,-0.5952380952380952 -0.027777777777777776,0.6111111111111112,-0.3611111111111111 -0.023809523809523808,0.047619047619047616,-0.8571428571428571,0.047619047619047616,-0.023809523809523808 -0.2222222222222222,0.1388888888888889,-0.3611111111111111,0.2222222222222222,-0.05555555555555555 0.09523809523809523,-0.42857142857142855,0.09523809523809523,-0.2857142857142857,0.09523809523809523 0.8536585365853658 0.803921568627451 0.7602787456445993
Q -0.3783783783783784,0.24324324324324326,-0.3783783783783784 -0.3269230769230769,0.21153846153846154,-0.46153846153846156 -0.21621621621621623,0.08108108108108109,-0.40540540540540543,0.16216216216216217,-0.13513513513513514 -0.3269230769230769,0.21153846153846154,-0.46153846153846156 0.16216216216216217,-0.6756756756756757,0.16216216216216217 -0.038461538461538464,0.09615384615384616,-0.5769230769230769,0.11538461538461539,-0.07692307692307693,0.07692307692307693,-0.019230769230769232 0.7058823529411765 1.0 0.764161220043573
R -0.025,0.6,-0.375 -0.9047619047619048,0.09523809523809523 -0.025,0.425,-0.35,0.2 -0.023809523809523808,0.047619047619047616,-0.8571428571428571,0.047619047619047616,-0.023809523809523808 -0.175,0.6,-0.225 0.09523809523809523,-0.38095238095238093,0.11904761904761904,-0.40476190476190477 0.9512195121951219 0.803921568627451 0.8023764853033146
S -0.375,0.28125,-0.125,0.125,-0.09375 -0.6,0.15555555555555556,-0.24444444444444444 -0.03125,0.125,-0.84375 -0.6666666666666666,0.28888888888888886,-0.044444444444444446 -0.21875,0.6875,-0.09375 -0.022222222222222223,0.1111111111111111,-0.28888888888888886,0.15555555555555556,-0.28888888888888886,0.08888888888888889,-0.044444444444444446 0.7045454545454546 0.8627450980392157 0.9010263929618768
T -0.05263157894736842,0.8947368421052632,-0.05263157894736842 -0.3333333333333333,0.023809523809523808,-0.6428571428571429 -0.18421052631578946,0.6052631578947368,-0.21052631578947367 -0.3333333333333333,0.023809523809523808,-0.6428571428571429 -0.42105263157894735,0.13157894736842105,-0.4473684210526316 1.0 0.9024390243902439 0.803921568627451 0.6849044166117337
U -0.02564102564102564,0.38461538461538464,-0.20512820512820512,0.358974358974359,-0.02564102564102564 -0.023255813953488372,0.046511627906976744,-0.9302325581395349 -0.41025641025641024,0.20512820512820512,-0.38461538461538464 -0.023255813953488372,0.046511627906976744,-0.9302325581395349 -0.1282051282051282,0.1282051282051282,-0.5128205128205128,0.1282051282051282,-0.10256410256410256 -0.9069767441860465,0.09302325581395349 0.9047619047619048 0.8235294117647058 0.6779448621553885
V -0.023809523809523808,0.35714285714285715,-0.23809523809523808,0.35714285714285715,-0.023809523809523808 -0.023809523809523808,0.047619047619047616,-0.9285714285714286 -0.4523809523809524,0.11904761904761904,-0.42857142857142855 -0.023809523809523808,0.047619047619047616,-0.9285714285714286 -0.23809523809523808,0.14285714285714285,-0.2619047619047619,0.11904761904761904,-0.23809523809523808 -0.7857142857142857,0.21428571428571427 1.0 0.803921568627451 0.6222486615110053
W -0.023255813953488372,0.3488372093023256,-0.2558139534883721,0.3488372093023256,-0.023255813953488372 -0.023809523809523808,0.047619047619047616,-0.9285714285714286 -0.20930232558139536,0.11627906976744186,-0.37209302325581395,0.11627906976744186,-0.18604651162790697 -0.023809523809523808,0.047619047619047616,-0.9285714285714286 -0.13953488372093023,0.11627906976744186,-0.11627906976744186,0.09302325581395349,-0.06976744186046512,0.09302325581395349,-0.13953488372093023,0.11627906976744186,-0.11627906976744186 -0.21428571428571427,0.23809523809523808,-0.5476190476190477 1.024390243902439 0.803921568627451 0.8641114982578397
X -0.05405405405405406,0.32432432432432434,-0.24324324324324326,0.32432432432432434,-0.05405405405405406 -0.9285714285714286,0.047619047619047616,-0.023809523809523808 -0.02702702702702703,0.35135135135135137,-0.24324324324324326,0.35135135135135137,-0.02702702702702703 -0.9285714285714286,0.047619047619047616,-0.023809523809523808 -0.40540540540540543,0.1891891891891892,-0.40540540540540543 -0.30952380952380953,0.35714285714285715,-0.3333333333333333 0.8780487804878049 0.803921568627451 0.8285907859078591
Y -0.02702702702702703,0.3783783783783784,-0.24324324324324326,0.32432432432432434,-0.02702702702702703 -0.023809523809523808,0.047619047619047616,-0.9285714285714286 -0.1891891891891892,0.6216216216216216,-0.1891891891891892 -0.023809523809523808,0.047619047619047616,-0.9285714285714286 -0.35135135135135137,0.2972972972972973,-0.35135135135135137 -0.42857142857142855,0.5714285714285714 0.8780487804878049 0.803921568627451 0.6565040650406504
Z -0.10344827586206896,0.8275862068965517,-0.06896551724137931 -0.023809523809523808,0.09523809523809523,-0.5,0.23809523809523808,-0.14285714285714285 -0.06896551724137931,0.896551724137931,-0.034482758620689655 -0.8809523809523809,0.07142857142857142,-0.047619047619047616 -0.3793103448275862,0.27586206896551724,-0.3448275862068966 0.09523809523809523,-0.047619047619047616,0.2857142857142857,-0.47619047619047616,0.09523809523809523 0.6829268292682927 0.803921568627451 1.0104529616724738
