### Filename
### ref/Courier/letters-generated.png-ref.txt
a -0.2857142857142857,0.3142857142857143,-0.4 -0.8529411764705882,0.08823529411764706,-0.058823529411764705 -0.22857142857142856,0.2,-0.5714285714285714 -0.5882352941176471,0.20588235294117646,-0.20588235294117646 -0.08571428571428572,0.2571428571428571,-0.2571428571428571,0.22857142857142856,-0.17142857142857143 0.11764705882352941,-0.23529411764705882,0.11764705882352941,-0.3235294117647059,0.17647058823529413,-0.029411764705882353 1.0303030303030303 0.717391304347826 0.9251336898395722
b -0.02564102564102564,0.23076923076923078,-0.7435897435897436 -0.5531914893617021,0.19148936170212766,-0.2553191489361702 -0.46153846153846156,0.20512820512820512,-0.3333333333333333 -0.02127659574468085,0.0425531914893617,-0.8297872340425532,0.06382978723404255,-0.0425531914893617 -0.1282051282051282,0.1794871794871795,-0.48717948717948717,0.1794871794871795,-0.02564102564102564 -0.2978723404255319,0.10638297872340426,-0.46808510638297873,0.1276595744680851 0.8260869565217391 1.0 0.7625858123569794
c -0.38235294117647056,0.2647058823529412,-0.23529411764705882,0.08823529411764706,-0.029411764705882353 -0.029411764705882353,0.3235294117647059,-0.3235294117647059,0.11764705882352941,-0.20588235294117646 -0.38235294117647056,0.2647058823529412,-0.35294117647058826 -0.38235294117647056,0.23529411764705882,-0.38235294117647056 0.17647058823529413,-0.8235294117647058 0.17647058823529413,-0.6470588235294118,0.17647058823529413 1.0 0.717391304347826 0.9191919191919192
d -0.5897435897435898,0.28205128205128205,-0.1282051282051282 -0.8936170212765957,0.06382978723404255,-0.0425531914893617 -0.3076923076923077,0.20512820512820512,-0.48717948717948717 -0.5531914893617021,0.19148936170212766,-0.2553191489361702 -0.02564102564102564,0.1794871794871795,-0.48717948717948717,0.1794871794871795,-0.1282051282051282 0.0851063829787234,-0.2127659574468085,0.1276595744680851,-0.425531914893617,0.10638297872340426,-0.0425531914893617 0.8260869565217391 1.0 0.7763157894736842
e -0.37142857142857144,0.2857142857142857,-0.34285714285714286 -0.29411764705882354,0.20588235294117646,-0.2647058823529412,0.11764705882352941,-0.11764705882352941 -0.37142857142857144,0.2857142857142857,-0.34285714285714286 -0.38235294117647056,0.2647058823529412,-0.35294117647058826 1.0 0.11764705882352941,-0.29411764705882354,0.11764705882352941,-0.35294117647058826,0.11764705882352941 1.0303030303030303 0.717391304347826 0.9518716577540107
f -0.5806451612903226,0.3548387096774194,-0.06451612903225806 -0.021739130434782608,0.08695652173913043,-0.8913043478260869 -0.03225806451612903,0.8709677419354839,-0.0967741935483871 -0.32608695652173914,0.06521739130434782,-0.5434782608695652,0.043478260869565216,-0.021739130434782608 -0.2903225806451613,0.16129032258064516,-0.5483870967741935 0.13043478260869565,-0.17391304347826086,0.10869565217391304,-0.5,0.08695652173913043 0.6666666666666666 0.9782608695652174 0.7577777777777778
g -0.3055555555555556,0.2222222222222222,-0.4722222222222222 -0.0425531914893617,0.0425531914893617,-0.9148936170212766 -0.2777777777777778,0.2777777777777778,-0.4444444444444444 -0.2553191489361702,0.1702127659574468,-0.574468085106383 -0.05555555555555555,0.16666666666666666,-0.3888888888888889,0.25,-0.1388888888888889 -0.0425531914893617,0.14893617021276595,-0.2765957446808511,0.14893617021276595,-0.2127659574468085,0.14893617021276595,-0.02127659574468085 0.7608695652173914 1.0 0.8391304347826087
h -0.027777777777777776,0.25,-0.7222222222222222 -0.9347826086956522,0.043478260869565216,-0.021739130434782608 -0.027777777777777776,0.3611111111111111,-0.2222222222222222,0.3611111111111111,-0.027777777777777776 -0.021739130434782608,0.043478260869565216,-0.8695652173913043,0.043478260869565216,-0.021739130434782608 -0.1388888888888889,0.19444444444444445,-0.3611111111111111,0.16666666666666666,-0.1388888888888889 -0.2826086956521739,0.15217391304347827,-0.4782608695652174,0.08695652173913043 0.7777777777777778 0.9782608695652174 0.7142857142857143
. -0.14285714285714285,0.7142857142857143,-0.14285714285714285 -0.1111111111111111,0.7777777777777778,-0.1111111111111111 -0.14285714285714285,0.7142857142857143,-0.14285714285714285 -0.1111111111111111,0.7777777777777778,-0.1111111111111111 1.0 1.0 0.75 0.17391304347826086 2.375
i -0.15151515151515152,0.42424242424242425,-0.42424242424242425 -0.90625,0.0625,-0.03125 -0.030303030303030304,0.9393939393939394,-0.030303030303030304 -0.90625,0.0625,-0.03125 -0.42424242424242425,0.15151515151515152,-0.42424242424242425 1.0 1.032258064516129 0.6739130434782609 0.6048387096774194
. -0.14285714285714285,0.7142857142857143,-0.14285714285714285 -0.1111111111111111,0.7777777777777778,-0.1111111111111111 -0.14285714285714285,0.7142857142857143,-0.14285714285714285 -0.1111111111111111,0.7777777777777778,-0.1111111111111111 1.0 1.0 0.75 0.17391304347826086 2.375
j -0.041666666666666664,0.9583333333333334 0.8043478260869565,-0.1956521739130435 -0.125,0.4166666666666667,-0.4583333333333333 -0.021739130434782608,0.043478260869565216,-0.8478260869565217,0.021739130434782608,-0.06521739130434782 -0.7916666666666666,0.20833333333333334 0.8695652173913043,-0.13043478260869565 0.5111111111111111 0.9782608695652174 0.7333333333333333
k -0.02631578947368421,0.2894736842105263,-0.6842105263157895 -0.9347826086956522,0.043478260869565216,-0.021739130434782608 -0.02631578947368421,0.2631578947368421,-0.34210526315789475,0.34210526315789475,-0.02631578947368421 -0.021739130434782608,0.06521739130434782,-0.8478260869565217,0.043478260869565216,-0.021739130434782608 -0.18421052631578946,0.13157894736842105,-0.13157894736842105,0.18421052631578946,-0.3684210526315789 -0.30434782608695654,0.21739130434782608,-0.15217391304347827,0.15217391304347827,-0.17391304347826086 0.8222222222222222 0.9782608695652174 0.6792792792792792
l -0.09375,0.46875,-0.4375 -0.9347826086956522,0.043478260869565216,-0.021739130434782608 -0.03125,0.9375,-0.03125 -0.9347826086956522,0.043478260869565216,-0.021739130434782608 -0.40625,0.15625,-0.4375 -0.9130434782608695,0.08695652173913043 0.6888888888888889 0.9782608695652174 0.5297491039426523
m -0.3111111111111111,0.13333333333333333,-0.17777777777777778,0.15555555555555556,-0.2222222222222222 -0.9090909090909091,0.06060606060606061,-0.030303030303030304 -0.022222222222222223,0.28888888888888886,-0.15555555555555556,0.17777777777777778,-0.15555555555555556,0.17777777777777778,-0.022222222222222223 -0.06060606060606061,0.06060606060606061,-0.7878787878787878,0.06060606060606061,-0.030303030303030304 -0.1111111111111111,0.1111111111111111,-0.2222222222222222,0.1111111111111111,-0.2222222222222222,0.1111111111111111,-0.1111111111111111 0.18181818181818182,-0.8181818181818182 1.375 0.6956521739130435 0.9651988636363636
n -0.4722222222222222,0.19444444444444445,-0.3333333333333333 -0.9090909090909091,0.06060606060606061,-0.030303030303030304 -0.027777777777777776,0.3611111111111111,-0.2222222222222222,0.3611111111111111,-0.027777777777777776 -0.06060606060606061,0.09090909090909091,-0.7575757575757576,0.06060606060606061,-0.030303030303030304 -0.1388888888888889,0.1388888888888889,-0.4444444444444444,0.1388888888888889,-0.1388888888888889 -0.030303030303030304,0.12121212121212122,-0.8484848484848485 1.09375 0.6956521739130435 0.8625
o -0.3783783783783784,0.24324324324324326,-0.3783783783783784 -0.38235294117647056,0.23529411764705882,-0.38235294117647056 -0.3783783783783784,0.24324324324324326,-0.3783783783783784 -0.38235294117647056,0.23529411764705882,-0.38235294117647056 0.16216216216216217,-0.6756756756756757,0.16216216216216217 0.11764705882352941,-0.7647058823529411,0.11764705882352941 1.0909090909090908 0.717391304347826 0.8106060606060606
p -0.46153846153846156,0.20512820512820512,-0.3333333333333333 -0.2765957446808511,0.1702127659574468,-0.5531914893617021 -0.02564102564102564,0.48717948717948717,-0.48717948717948717 -0.0425531914893617,0.0851063829787234,-0.8085106382978723,0.0425531914893617,-0.02127659574468085 -0.1282051282051282,0.1794871794871795,-0.48717948717948717,0.1794871794871795,-0.02564102564102564 0.1702127659574468,-0.425531914893617,0.10638297872340426,-0.2978723404255319 0.8260869565217391 1.0 0.8363844393592678
q -0.3157894736842105,0.21052631578947367,-0.47368421052631576 -0.0425531914893617,0.06382978723404255,-0.8297872340425532,0.0425531914893617,-0.02127659574468085 -0.4473684210526316,0.5263157894736842,-0.02631578947368421 -0.2765957446808511,0.1702127659574468,-0.5531914893617021 -0.02631578947368421,0.18421052631578946,-0.47368421052631576,0.18421052631578946,-0.13157894736842105 -0.0425531914893617,0.1276595744680851,-0.3829787234042553,0.10638297872340426,-0.2553191489361702,0.0851063829787234 0.8043478260869565 1.0 0.8225616921269095
r -0.6944444444444444,0.19444444444444445,-0.1111111111111111 -0.09090909090909091,0.06060606060606061,-0.8484848484848485 -0.027777777777777776,0.75,-0.2222222222222222 -0.9090909090909091,0.06060606060606061,-0.030303030303030304 -0.25,0.1388888888888889,-0.6111111111111112 -0.15151515151515152,0.18181818181818182,-0.5454545454545454,0.12121212121212122 1.09375 0.6956521739130435 0.6919642857142857
s -0.25806451612903225,0.3225806451612903,-0.1935483870967742,0.0967741935483871,-0.12903225806451613 -0.5882352941176471,0.17647058823529413,-0.23529411764705882 -0.03225806451612903,0.0967741935483871,-0.25806451612903225,0.3225806451612903,-0.2903225806451613 -0.17647058823529413,0.20588235294117646,-0.29411764705882354,0.29411764705882354,-0.029411764705882353 -0.12903225806451613,0.8064516129032258,-0.06451612903225806 0.14705882352941177,-0.23529411764705882,0.17647058823529413,-0.3235294117647059,0.11764705882352941 0.9090909090909091 0.717391304347826 1.084848484848485
t -0.2777777777777778,0.08333333333333333,-0.6388888888888888 -0.8409090909090909,0.06818181818181818,-0.09090909090909091 -0.4722222222222222,0.25,-0.2777777777777778 -0.3181818181818182,0.045454545454545456,-0.6363636363636364 -0.25,0.1388888888888889,-0.6111111111111112 -0.29545454545454547,0.09090909090909091,-0.5227272727272727,0.09090909090909091 0.813953488372093 0.9347826086956522 0.532890365448505
u -0.02702702702702703,0.24324324324324326,-0.2702702702702703,0.2972972972972973,-0.16216216216216217 -0.8181818181818182,0.12121212121212122,-0.06060606060606061 -0.32432432432432434,0.21621621621621623,-0.4594594594594595 -0.030303030303030304,0.06060606060606061,-0.9090909090909091 -0.13513513513513514,0.13513513513513514,-0.4594594594594595,0.13513513513513514,-0.13513513513513514 -0.8181818181818182,0.18181818181818182 1.125 0.6956521739130435 0.8324652777777778
v -0.024390243902439025,0.34146341463414637,-0.24390243902439024,0.36585365853658536,-0.024390243902439025 -0.030303030303030304,0.06060606060606061,-0.9090909090909091 -0.43902439024390244,0.12195121951219512,-0.43902439024390244 -0.030303030303030304,0.06060606060606061,-0.9090909090909091 -0.24390243902439024,0.14634146341463414,-0.21951219512195122,0.14634146341463414,-0.24390243902439024 -0.5454545454545454,0.3939393939393939,-0.06060606060606061 1.25 0.6956521739130435 0.67578125
w -0.022222222222222223,0.28888888888888886,-0.37777777777777777,0.28888888888888886,-0.022222222222222223 -0.030303030303030304,0.06060606060606061,-0.9090909090909091 -0.28888888888888886,0.08888888888888889,-0.26666666666666666,0.08888888888888889,-0.26666666666666666 -0.030303030303030304,0.06060606060606061,-0.9090909090909091 -0.15555555555555556,0.1111111111111111,-0.1111111111111111,0.1111111111111111,-0.022222222222222223,0.1111111111111111,-0.1111111111111111,0.1111111111111111,-0.15555555555555556 -0.5757575757575758,0.42424242424242425 1.375 0.6956521739130435 0.8139204545454546
x -0.05263157894736842,0.34210526315789475,-0.21052631578947367,0.3684210526315789,-0.02631578947368421 -0.90625,0.0625,-0.03125 -0.02631578947368421,0.3684210526315789,-0.23684210526315788,0.34210526315789475,-0.02631578947368421 -0.90625,0.0625,-0.03125 -0.42105263157894735,0.18421052631578946,-0.39473684210526316 -0.03125,0.0625,-0.125,0.25,-0.03125,0.21875,-0.1875,0.0625,-0.03125 1.1935483870967742 0.6739130434782609 0.9293809938971229
y -0.02564102564102564,0.358974358974359,-0.2564102564102564,0.3333333333333333,-0.02564102564102564 -0.021739130434782608,0.043478260869565216,-0.9347826086956522 -0.02564102564102564,0.5384615384615384,-0.4358974358974359 -0.021739130434782608,0.043478260869565216,-0.9347826086956522 -0.3333333333333333,0.15384615384615385,-0.05128205128205128,0.1282051282051282,-0.3333333333333333 -0.41304347826086957,0.2608695652173913,-0.2608695652173913,0.043478260869565216,-0.021739130434782608 0.8444444444444444 0.9782608695652174 0.6508771929824562
z -0.10344827586206896,0.8275862068965517,-0.06896551724137931 -0.0625,0.09375,-0.5,0.3125,-0.03125 -0.034482758620689655,0.9310344827586207,-0.034482758620689655 -0.8125,0.15625,-0.03125 -0.3793103448275862,0.27586206896551724,-0.3448275862068966 0.125,-0.21875,0.25,-0.28125,0.125 0.9032258064516129 0.6739130434782609 1.0921658986175116
A -0.18181818181818182,0.38636363636363635,-0.4318181818181818 -0.9285714285714286,0.047619047619047616,-0.023809523809523808 -0.022727272727272728,0.3409090909090909,-0.2727272727272727,0.3409090909090909,-0.022727272727272728 -0.9285714285714286,0.047619047619047616,-0.023809523809523808 -0.22727272727272727,0.13636363636363635,-0.2727272727272727,0.11363636363636363,-0.25 0.19047619047619047,-0.38095238095238093,0.09523809523809523,-0.3333333333333333 1.048780487804878 0.8913043478260869 0.7146908678389109
