1 -0.42857142857142855,0.14285714285714285,-0.42857142857142855 -0.9090909090909091,0.09090909090909091 1.0 -0.9090909090909091,0.09090909090909091 0.6 1.0
2 -0.25,0.5,-0.25 -0.18181818181818182,0.18181818181818182,-0.45454545454545453,0.18181818181818182 1.0 -0.18181818181818182,0.18181818181818182,-0.5454545454545454,0.09090909090909091 0.7 1.0
3 -0.25,0.5,-0.25 -0.18181818181818182,0.18181818181818182,-0.2727272727272727,0.18181818181818182,-0.18181818181818182 -0.25,0.5,-0.25 -0.18181818181818182,0.09090909090909091,-0.45454545454545453,0.09090909090909091,-0.18181818181818182 0.7 1.0
4 -0.75,0.125,-0.125 -0.6363636363636364,0.09090909090909091,-0.18181818181818182,0.09090909090909091 -0.5,0.5 -0.5454545454545454,0.18181818181818182,-0.2727272727272727 0.7 1.0
5 1.0 0.09090909090909091,-0.45454545454545453,0.2727272727272727,-0.18181818181818182 -0.14285714285714285,0.5714285714285714,-0.2857142857142857 0.45454545454545453,-0.36363636363636365,0.09090909090909091,-0.09090909090909091 0.6 1.0
6 -0.42857142857142855,0.2857142857142857,-0.2857142857142857 -0.5454545454545454,0.2727272727272727,-0.18181818181818182 -0.2857142857142857,0.42857142857142855,-0.2857142857142857 -0.36363636363636365,0.45454545454545453,-0.18181818181818182 0.6 1.0
7 1.0 0.2727272727272727,-0.7272727272727273 -0.42857142857142855,0.14285714285714285,-0.42857142857142855 0.2727272727272727,-0.7272727272727273 0.6 1.0
8 -0.2857142857142857,0.42857142857142855,-0.2857142857142857 -0.18181818181818182,0.18181818181818182,-0.2727272727272727,0.18181818181818182,-0.18181818181818182 -0.2857142857142857,0.42857142857142855,-0.2857142857142857 -0.18181818181818182,0.18181818181818182,-0.2727272727272727,0.18181818181818182,-0.18181818181818182 0.6 1.0
9 -0.2857142857142857,0.42857142857142855,-0.2857142857142857 -0.18181818181818182,0.45454545454545453,-0.36363636363636365 -0.2857142857142857,0.2857142857142857,-0.42857142857142855 -0.18181818181818182,0.2727272727272727,-0.5454545454545454 0.6 1.0
0 -0.2857142857142857,0.42857142857142855,-0.2857142857142857 -0.18181818181818182,0.6363636363636364,-0.18181818181818182 -0.2857142857142857,0.42857142857142855,-0.2857142857142857 -0.18181818181818182,0.6363636363636364,-0.18181818181818182 0.6 1.0
