A -0.4166666666666667,0.16666666666666666,-0.4166666666666667 -0.9230769230769231,0.07692307692307693 0.16666666666666666,-0.6666666666666666,0.16666666666666666 -0.9230769230769231,0.07692307692307693 0.9166666666666666 0.8
B 0.7777777777777778,-0.2222222222222222 -0.5384615384615384,0.3076923076923077,-0.15384615384615385 0.7777777777777778,-0.2222222222222222 1.0 0.6666666666666666 0.8
C -0.36363636363636365,0.5454545454545454,-0.09090909090909091 -0.07692307692307693,0.15384615384615385,-0.5384615384615384,0.15384615384615385,-0.07692307692307693 -0.36363636363636365,0.45454545454545453,-0.18181818181818182 -0.3076923076923077,0.38461538461538464,-0.3076923076923077 0.8333333333333334 0.8
D 0.6363636363636364,-0.36363636363636365 -0.3076923076923077,0.38461538461538464,-0.3076923076923077 0.6363636363636364,-0.36363636363636365 1.0 0.8333333333333334 0.8
E 1.0 0.15384615384615385,-0.23076923076923078,0.15384615384615385,-0.3076923076923077,0.15384615384615385 1.0 1.0 0.5833333333333334 0.8
F 1.0 0.15384615384615385,-0.8461538461538461 0.25,-0.75 1.0 0.5833333333333334 0.8
G -0.3333333333333333,0.5,-0.16666666666666666 -0.07692307692307693,0.15384615384615385,-0.23076923076923078,0.46153846153846156,-0.07692307692307693 -0.3333333333333333,0.5,-0.16666666666666666 -0.3076923076923077,0.38461538461538464,-0.3076923076923077 0.9166666666666666 0.8
H 0.2,-0.6,0.2 1.0 0.2,-0.6,0.2 1.0 0.75 0.8
I 1.0 0.15384615384615385,-0.6923076923076923,0.15384615384615385 1.0 0.15384615384615385,-0.6923076923076923,0.15384615384615385 0.4166666666666667 0.8
J -0.16666666666666666,0.8333333333333334 0.8461538461538461,-0.15384615384615385 0.6666666666666666,-0.3333333333333333 -0.8461538461538461,0.15384615384615385 0.4166666666666667 0.8
K 0.2,-0.5,0.3 0.07692307692307693,-0.8461538461538461,0.07692307692307693 0.2,-0.5,0.3 1.0 0.75 0.8
L 0.25,-0.75 -0.8461538461538461,0.15384615384615385 1.0 1.0 0.5833333333333334 0.8
M 0.2727272727272727,-0.45454545454545453,0.2727272727272727 1.0 0.18181818181818182,-0.6363636363636364,0.18181818181818182 1.0 0.8333333333333334 0.8
N 0.3333333333333333,-0.4444444444444444,0.2222222222222222 1.0 0.2222222222222222,-0.4444444444444444,0.3333333333333333 1.0 0.6666666666666666 0.8
O -0.25,0.5,-0.25 -0.3076923076923077,0.38461538461538464,-0.3076923076923077 -0.25,0.5,-0.25 -0.3076923076923077,0.38461538461538464,-0.3076923076923077 0.9166666666666666 0.8
P 0.75,-0.25 -0.15384615384615385,0.3076923076923077,-0.5384615384615384 0.25,-0.75 1.0 0.5833333333333334 0.8
Q -0.25,0.5,-0.25 -0.25,0.3125,-0.3125,0.125 -0.6666666666666666,0.3333333333333333 -0.25,0.3125,-0.4375 0.7333333333333333 1.0
R 0.6363636363636364,-0.36363636363636365 -0.9230769230769231,0.07692307692307693 0.18181818181818182,-0.5454545454545454,0.2727272727272727 1.0 0.8333333333333334 0.8
S -0.2,0.6,-0.2 -0.5384615384615384,0.3076923076923077,-0.15384615384615385 -0.1,0.6,-0.3 -0.15384615384615385,0.23076923076923078,-0.38461538461538464,0.15384615384615385,-0.07692307692307693 0.75 0.8
T 1.0 0.15384615384615385,-0.8461538461538461 -0.4166666666666667,0.16666666666666666,-0.4166666666666667 0.15384615384615385,-0.8461538461538461 0.9166666666666666 0.8
U 0.2222222222222222,-0.5555555555555556,0.2222222222222222 0.8461538461538461,-0.15384615384615385 -0.2222222222222222,0.5555555555555556,-0.2222222222222222 0.8461538461538461,-0.15384615384615385 0.6666666666666666 0.8
V 0.16666666666666666,-0.6666666666666666,0.16666666666666666 0.07692307692307693,-0.9230769230769231 -0.4166666666666667,0.16666666666666666,-0.4166666666666667 0.07692307692307693,-0.9230769230769231 0.9166666666666666 0.8
W 0.125,-0.3125,0.125,-0.3125,0.125 0.15384615384615385,-0.8461538461538461 -0.1875,0.125,-0.375,0.125,-0.1875 0.15384615384615385,-0.8461538461538461 1.25 0.8
X 0.3,-0.4,0.3 0.07692307692307693,-0.8461538461538461,0.07692307692307693 0.3,-0.4,0.3 0.07692307692307693,-0.8461538461538461,0.07692307692307693 0.75 0.8
Y 0.25,-0.5,0.25 0.07692307692307693,-0.9230769230769231 -0.4166666666666667,0.16666666666666666,-0.4166666666666667 0.07692307692307693,-0.9230769230769231 0.9166666666666666 0.8
Z 1.0 0.23076923076923078,-0.6153846153846154,0.15384615384615385 1.0 0.15384615384615385,-0.6153846153846154,0.23076923076923078 0.75 0.8
