### Filename
### ref/Verdana/letters-generated.png-ref.txt
a -0.2727272727272727,0.3939393939393939,-0.3333333333333333 -0.21951219512195122,0.7560975609756098,-0.024390243902439025 -0.2727272727272727,0.24242424242424243,-0.48484848484848486 -0.5853658536585366,0.1951219512195122,-0.21951219512195122 -0.09090909090909091,0.30303030303030304,-0.3939393939393939,0.21212121212121213 0.14634146341463414,-0.1951219512195122,0.12195121951219512,-0.36585365853658536,0.12195121951219512,-0.04878048780487805 0.8 0.7272727272727273 1.1265625
b 0.20588235294117646,-0.7941176470588235 -0.5178571428571429,0.21428571428571427,-0.26785714285714285 -0.38235294117647056,0.23529411764705882,-0.38235294117647056 0.9821428571428571,-0.017857142857142856 0.20588235294117646,-0.5588235294117647,0.20588235294117646,-0.029411764705882353 -0.32142857142857145,0.6071428571428571,-0.07142857142857142 0.6 1.0 0.9096418732782369
c -0.4375,0.3125,-0.25 -0.07317073170731707,0.1951219512195122,-0.4634146341463415,0.1951219512195122,-0.07317073170731707 -0.4375,0.3125,-0.25 -0.36585365853658536,0.2682926829268293,-0.36585365853658536 0.21875,-0.78125 0.14634146341463414,-0.7073170731707317,0.14634146341463414 0.775 0.7272727272727273 0.8225806451612904
d -0.7941176470588235,0.20588235294117646 0.9821428571428571,-0.017857142857142856 -0.3235294117647059,0.23529411764705882,-0.4411764705882353 -0.5357142857142857,0.21428571428571427,-0.25 -0.029411764705882353,0.20588235294117646,-0.5588235294117647,0.20588235294117646 0.9821428571428571,-0.017857142857142856 0.6 1.0 0.9107438016528926
e -0.4,0.2571428571428571,-0.34285714285714286 -0.2926829268292683,0.21951219512195122,-0.4878048780487805 -0.42857142857142855,0.2857142857142857,-0.2857142857142857 -0.36585365853658536,0.2682926829268293,-0.36585365853658536 1.0 0.12195121951219512,-0.2682926829268293,0.12195121951219512,-0.34146341463414637,0.14634146341463414 0.85 0.7272727272727273 1.011764705882353
f -0.52,0.44,-0.04 -0.01818181818181818,0.10909090909090909,-0.8727272727272727 -0.16,0.28,-0.56 -0.2909090909090909,0.10909090909090909,-0.6 -0.16,0.28,-0.56 -1.0 0.4444444444444444 0.9818181818181818 0.8240740740740741
g -0.38235294117647056,0.2647058823529412,-0.35294117647058826 -0.018518518518518517,0.7407407407407407,-0.24074074074074073 -0.2647058823529412,0.35294117647058826,-0.38235294117647056 -0.2777777777777778,0.2037037037037037,-0.5185185185185185 -0.029411764705882353,0.20588235294117646,-0.5588235294117647,0.20588235294117646 -0.037037037037037035,0.1111111111111111,-0.3888888888888889,0.1111111111111111,-0.12962962962962962,0.18518518518518517,-0.037037037037037035 0.6226415094339622 0.9636363636363636 1.0343053173241852
h 0.21212121212121213,-0.7878787878787878 -0.45454545454545453,0.5454545454545454 0.21212121212121213,-0.5757575757575758,0.21212121212121213 1.0 0.21212121212121213,-0.5757575757575758,0.21212121212121213 -0.3090909090909091,0.6909090909090909 0.5925925925925926 0.9818181818181818 0.8663194444444444
. 1.0 1.0 1.0 1.0 1.0 1.0 1.0 0.10909090909090909 2.5833333333333335
i 1.0 1.0 1.0 1.0 1.0 -1.0 0.15789473684210525 0.6909090909090909 2.3728070175438596
. 1.0 1.0 1.0 1.0 1.0 1.0 1.0 0.10909090909090909 2.5833333333333335
j -0.25,0.75 0.8301886792452831,-0.16981132075471697 -0.1,0.45,-0.45 -0.8679245283018868,0.11320754716981132,-0.018867924528301886 -0.65,0.35 -1.0 0.36538461538461536 0.9454545454545454 0.9463562753036437
k 0.19444444444444445,-0.8055555555555556 -0.9818181818181818,0.01818181818181818 0.19444444444444445,-0.5277777777777778,0.2777777777777778 1.0 0.19444444444444445,-0.2222222222222222,0.2222222222222222,-0.3611111111111111 -0.2909090909090909,0.12727272727272726,-0.41818181818181815,0.16363636363636364 0.6481481481481481 0.9818181818181818 0.7878306878306879
l 1.0 1.0 1.0 1.0 1.0 -1.0 0.1111111111111111 0.9818181818181818 2.361111111111111
m -0.2807017543859649,0.12280701754385964,-0.2982456140350877,0.15789473684210525,-0.14035087719298245 -0.25,0.75 0.12280701754385964,-0.3157894736842105,0.12280701754385964,-0.3157894736842105,0.12280701754385964 -0.025,0.975 0.12280701754385964,-0.3157894736842105,0.12280701754385964,-0.3157894736842105,0.12280701754385964 0.15,-0.85 1.435897435897436 0.7090909090909091 0.9116300366300366
n -0.48484848484848486,0.24242424242424243,-0.2727272727272727 -0.25,0.75 0.21212121212121213,-0.5757575757575758,0.21212121212121213 -0.025,0.975 0.21212121212121213,-0.5757575757575758,0.21212121212121213 0.15,-0.85 0.8205128205128205 0.7090909090909091 1.013621794871795
o -0.3611111111111111,0.2777777777777778,-0.3611111111111111 -0.36585365853658536,0.2682926829268293,-0.36585365853658536 -0.3611111111111111,0.2777777777777778,-0.3611111111111111 -0.36585365853658536,0.2682926829268293,-0.36585365853658536 0.19444444444444445,-0.6111111111111112,0.19444444444444445 0.14634146341463414,-0.7073170731707317,0.14634146341463414 0.875 0.7272727272727273 0.9514285714285714
p -0.47058823529411764,0.20588235294117646,-0.3235294117647059 -0.25925925925925924,0.2222222222222222,-0.5185185185185185 0.20588235294117646,-0.7941176470588235 -0.018518518518518517,0.9814814814814815 0.20588235294117646,-0.5588235294117647,0.20588235294117646,-0.029411764705882353 -0.037037037037037035,0.2222222222222222,-0.2222222222222222,0.2222222222222222,-0.2962962962962963 0.6226415094339622 0.9636363636363636 0.923956546598056
q -0.38235294117647056,0.23529411764705882,-0.38235294117647056 -0.018518518518518517,0.9814814814814815 -0.7941176470588235,0.20588235294117646 -0.2777777777777778,0.2222222222222222,-0.5 0.23529411764705882,-0.5588235294117647,0.20588235294117646 -0.05555555555555555,0.09259259259259259,-0.42592592592592593,0.09259259259259259,-0.3333333333333333 0.6226415094339622 0.9636363636363636 0.9228130360205832
r 0.2916666666666667,-0.375,0.3333333333333333 0.20512820512820512,-0.7948717948717948 0.2916666666666667,-0.7083333333333334 1.0 0.2916666666666667,-0.7083333333333334 0.1794871794871795,-0.8205128205128205 0.6052631578947368 0.6909090909090909 0.879862700228833
s -0.3548387096774194,0.3225806451612903,-0.3225806451612903 -0.6097560975609756,0.17073170731707318,-0.21951219512195122 -0.2903225806451613,0.3548387096774194,-0.3548387096774194 -0.21951219512195122,0.14634146341463414,-0.36585365853658536,0.1951219512195122,-0.07317073170731707 -0.16129032258064516,0.7096774193548387,-0.12903225806451613 0.17073170731707318,-0.2682926829268293,0.17073170731707318,-0.21951219512195122,0.14634146341463414,-0.024390243902439025 0.75 0.7272727272727273 1.02
t -0.16666666666666666,0.2916666666666667,-0.5416666666666666 -0.21568627450980393,0.11764705882352941,-0.5294117647058824,0.11764705882352941,-0.0196078431372549 -0.5,0.375,-0.125 -0.21568627450980393,0.11764705882352941,-0.6666666666666666 -0.16666666666666666,0.2916666666666667,-0.5416666666666666 -1.0 0.46 0.9090909090909091 0.8947826086956522
u 0.21212121212121213,-0.5757575757575758,0.21212121212121213 0.975,-0.025 -0.2727272727272727,0.24242424242424243,-0.48484848484848486 0.75,-0.25 0.21212121212121213,-0.5757575757575758,0.21212121212121213 -0.825,0.15,-0.025 0.8205128205128205 0.7090909090909091 1.0216346153846154
v 0.20512820512820512,-0.5897435897435898,0.20512820512820512 0.02564102564102564,-0.9743589743589743 -0.41025641025641024,0.1794871794871795,-0.41025641025641024 0.02564102564102564,-0.9743589743589743 -0.20512820512820512,0.1794871794871795,-0.23076923076923078,0.1794871794871795,-0.20512820512820512 -0.7948717948717948,0.20512820512820512 1.0 0.6909090909090909 0.7174515235457064
w 0.1320754716981132,-0.32075471698113206,0.11320754716981132,-0.3018867924528302,0.1320754716981132 0.05128205128205128,-0.9487179487179487 -0.18867924528301888,0.1320754716981132,-0.3584905660377358,0.1320754716981132,-0.18867924528301888 0.05128205128205128,-0.9487179487179487 -0.09433962264150944,0.1320754716981132,-0.11320754716981132,0.09433962264150944,-0.1320754716981132,0.11320754716981132,-0.11320754716981132,0.11320754716981132,-0.09433962264150944 -0.358974358974359,0.41025641025641024,-0.23076923076923078 1.368421052631579 0.6909090909090909 0.8744939271255061
x 0.23076923076923078,-0.5384615384615384,0.23076923076923078 0.02564102564102564,-0.9487179487179487,0.02564102564102564 0.23076923076923078,-0.5384615384615384,0.23076923076923078 0.02564102564102564,-0.9487179487179487,0.02564102564102564 -0.41025641025641024,0.20512820512820512,-0.38461538461538464 -0.358974358974359,0.2564102564102564,-0.38461538461538464 1.0 0.6909090909090909 0.8227146814404432
y 0.20512820512820512,-0.5897435897435898,0.20512820512820512 0.018867924528301886,-0.9811320754716981 -0.20512820512820512,0.20512820512820512,-0.5897435897435898 0.018867924528301886,-0.9811320754716981 -0.28205128205128205,0.20512820512820512,-0.05128205128205128,0.15384615384615385,-0.3076923076923077 -0.22641509433962265,0.3018867924528302,-0.4716981132075472 0.7307692307692307 0.9454545454545454 0.6194331983805668
z 0.96875,-0.03125 -0.8461538461538461,0.15384615384615385 1.0 0.15384615384615385,-0.6923076923076923,0.15384615384615385 -0.375,0.21875,-0.40625 0.15384615384615385,-0.10256410256410256,0.23076923076923078,-0.358974358974359,0.15384615384615385 0.8157894736842105 0.6909090909090909 0.9550084889643463
A -0.40425531914893614,0.19148936170212766,-0.40425531914893614 -0.9807692307692307,0.019230769230769232 0.1702127659574468,-0.6595744680851063,0.1702127659574468 -0.9807692307692307,0.019230769230769232 -0.2127659574468085,0.14893617021276595,-0.2765957446808511,0.14893617021276595,-0.2127659574468085 0.23076923076923078,-0.38461538461538464,0.11538461538461539,-0.2692307692307692 0.9019607843137255 0.9272727272727272 0.722080136402387
