### Filename
### ref/Verdana/symbols-generated.png-ref.txt
( -0.6190476190476191,0.38095238095238093 0.014492753623188406,-0.9710144927536232,0.014492753623188406 -0.6190476190476191,0.38095238095238093 -0.391304347826087,0.21739130434782608,-0.391304347826087 0.29411764705882354 1.0
) 0.38095238095238093,-0.6190476190476191 -0.391304347826087,0.21739130434782608,-0.391304347826087 0.38095238095238093,-0.6190476190476191 0.014492753623188406,-0.9710144927536232,0.014492753623188406 0.29411764705882354 1.0
[ 1.0 0.07246376811594203,-0.855072463768116,0.07246376811594203 1.0 1.0 0.25 1.0
] 1.0 1.0 1.0 0.07246376811594203,-0.855072463768116,0.07246376811594203 0.25 1.0
, -0.4,0.6 0.043478260869565216,-0.9565217391304348 0.3333333333333333,-0.6666666666666666 -0.9130434782608695,0.08695652173913043 0.6363636363636364 0.3235294117647059
. 1.0 1.0 1.0 1.0 0.7777777777777778 0.1323529411764706
/ -0.7741935483870968,0.22580645161290322 0.015151515151515152,-0.9848484848484849 0.22580645161290322,-0.7741935483870968 -0.9848484848484849,0.015151515151515152 0.46153846153846156 0.9558823529411765
° -0.35714285714285715,0.2857142857142857,-0.35714285714285715 -0.35714285714285715,0.2857142857142857,-0.35714285714285715 -0.35714285714285715,0.2857142857142857,-0.35714285714285715 -0.35714285714285715,0.2857142857142857,-0.35714285714285715 1.0 0.39705882352941174
# -0.4444444444444444,0.08888888888888889,-0.2222222222222222,0.08888888888888889,-0.15555555555555556 -0.28846153846153844,0.09615384615384616,-0.6153846153846154 -0.15555555555555556,0.08888888888888889,-0.2222222222222222,0.08888888888888889,-0.4444444444444444 -0.6346153846153846,0.09615384615384616,-0.2692307692307692 0.8627450980392157 0.75
@ -0.4166666666666667,0.2,-0.38333333333333336 -0.39344262295081966,0.19672131147540983,-0.4098360655737705 -0.4166666666666667,0.23333333333333334,-0.35 -0.4098360655737705,0.19672131147540983,-0.39344262295081966 0.9833333333333333 0.8823529411764706
' 1.0 0.3,-0.7 -0.25,0.5,-0.25 0.3,-0.7 0.3684210526315789 0.27941176470588236
§ -0.4117647058823529,0.35294117647058826,-0.23529411764705882 -0.43283582089552236,0.1044776119402985,-0.4626865671641791 -0.23529411764705882,0.35294117647058826,-0.4117647058823529 -0.4626865671641791,0.1044776119402985,-0.43283582089552236 0.5 0.9705882352941176
- 1.0 1.0 1.0 1.0 4.2 0.07352941176470588
_ 1.0 1.0 1.0 1.0 15.0 0.04411764705882353
* -0.42857142857142855,0.14285714285714285,-0.42857142857142855 -0.24242424242424243,0.030303030303030304,-0.45454545454545453,0.030303030303030304,-0.24242424242424243 -0.42857142857142855,0.14285714285714285,-0.42857142857142855 -0.24242424242424243,0.030303030303030304,-0.45454545454545453,0.030303030303030304,-0.24242424242424243 1.0625 0.47058823529411764
^ -0.43478260869565216,0.13043478260869565,-0.43478260869565216 -0.9642857142857143,0.03571428571428571 0.15217391304347827,-0.6956521739130435,0.15217391304347827 -0.9642857142857143,0.03571428571428571 1.6666666666666667 0.39705882352941174
$ -0.45714285714285713,0.11428571428571428,-0.42857142857142855 -0.5588235294117647,0.10294117647058823,-0.3382352941176471 -0.45714285714285713,0.11428571428571428,-0.42857142857142855 -0.27941176470588236,0.08823529411764706,-0.29411764705882354,0.10294117647058823,-0.23529411764705882 0.5074626865671642 0.9852941176470589
€ -0.5348837209302325,0.3023255813953488,-0.16279069767441862 -0.037037037037037035,0.14814814814814814,-0.6296296296296297,0.12962962962962962,-0.05555555555555555 -0.5348837209302325,0.27906976744186046,-0.18604651162790697 -0.4074074074074074,0.018518518518518517,-0.18518518518518517,0.018518518518518517,-0.37037037037037035 0.7924528301886793 0.7794117647058824
£ -0.5555555555555556,0.2777777777777778,-0.16666666666666666 -0.8867924528301887,0.11320754716981132 1.0 -0.8679245283018868,0.1320754716981132 0.6730769230769231 0.7647058823529411
` 0.6,-0.4 -0.9230769230769231,0.07692307692307693 -0.6,0.4 0.07692307692307693,-0.9230769230769231 1.1666666666666667 0.17647058823529413
´ -0.4,0.6 0.07692307692307693,-0.9230769230769231 0.4,-0.6 -0.9230769230769231,0.07692307692307693 1.1666666666666667 0.17647058823529413
+ -0.4318181818181818,0.13636363636363635,-0.4318181818181818 -0.4318181818181818,0.13636363636363635,-0.4318181818181818 -0.4318181818181818,0.13636363636363635,-0.4318181818181818 -0.4318181818181818,0.13636363636363635,-0.4318181818181818 1.0 0.6323529411764706
< -0.975609756097561,0.024390243902439025 0.15,-0.7,0.15 -0.975609756097561,0.024390243902439025 -0.45,0.1,-0.45 1.0256410256410255 0.5735294117647058
> 0.024390243902439025,-0.975609756097561 -0.45,0.1,-0.45 0.024390243902439025,-0.975609756097561 0.15,-0.7,0.15 1.0256410256410255 0.5735294117647058
| 1.0 1.0 1.0 1.0 0.09259259259259259 0.7941176470588235
