### Filename
### ref/Tahoma/capitals-generated.png-ref.txt
A -0.3953488372093023,0.20930232558139536,-0.3953488372093023 -0.9615384615384616,0.038461538461538464 0.18604651162790697,-0.627906976744186,0.18604651162790697 -0.9615384615384616,0.038461538461538464 -0.20930232558139536,0.16279069767441862,-0.2558139534883721,0.16279069767441862,-0.20930232558139536 0.38461538461538464,-0.23076923076923078,0.11538461538461539,-0.2692307692307692 0.8235294117647058 0.7727272727272727 0.7735760971055089
B 0.6571428571428571,-0.34285714285714286 -0.6153846153846154,0.15384615384615385,-0.23076923076923078 0.6,-0.4 1.0 0.8571428571428571,-0.14285714285714285 -0.019230769230769232,0.17307692307692307,-0.11538461538461539,0.25,-0.2692307692307692,0.1346153846153846,-0.038461538461538464 0.6666666666666666 0.7727272727272727 1.1412918108419838
C -0.45,0.275,-0.275 -0.07407407407407407,0.16666666666666666,-0.5185185185185185,0.16666666666666666,-0.07407407407407407 -0.45,0.275,-0.275 -0.3888888888888889,0.24074074074074073,-0.37037037037037035 0.175,-0.825 0.1111111111111111,-0.7777777777777778,0.1111111111111111 0.7358490566037735 0.803030303030303 0.6686018384131591
D 0.5,-0.5 -0.38461538461538464,0.21153846153846154,-0.40384615384615385 0.5,-0.5 1.0 0.16666666666666666,-0.6666666666666666,0.16666666666666666 -0.038461538461538464,0.11538461538461539,-0.6923076923076923,0.11538461538461539,-0.038461538461538464 0.803921568627451 0.7727272727272727 0.8837876614060258
E 1.0 0.11538461538461539,-0.7692307692307693,0.11538461538461539 1.0 1.0 0.9393939393939394,-0.06060606060606061 0.11538461538461539,-0.2692307692307692,0.11538461538461539,-0.38461538461538464,0.11538461538461539 0.6274509803921569 0.7727272727272727 0.9859068627450981
F 1.0 0.11538461538461539,-0.8846153846153846 0.21875,-0.78125 1.0 0.96875,-0.03125 0.11538461538461539,-0.28846153846153844,0.11538461538461539,-0.4807692307692308 0.6078431372549019 0.7727272727272727 0.8134092346616065
G -0.46511627906976744,0.2558139534883721,-0.27906976744186046 -0.07407407407407407,0.16666666666666666,-0.25925925925925924,0.42592592592592593,-0.07407407407407407 -0.46511627906976744,0.2558139534883721,-0.27906976744186046 -0.3888888888888889,0.2222222222222222,-0.3888888888888889 0.16279069767441862,-0.8372093023255814 0.1111111111111111,-0.3888888888888889,0.1111111111111111,-0.2777777777777778,0.1111111111111111 0.7924528301886793 0.803030303030303 0.8027852650494159
H 0.1794871794871795,-0.6410256410256411,0.1794871794871795 1.0 0.1794871794871795,-0.6410256410256411,0.1794871794871795 1.0 1.0 -0.38461538461538464,0.11538461538461539,-0.5 0.7450980392156863 0.7727272727272727 0.9035087719298246
I 1.0 0.11538461538461539,-0.7692307692307693,0.11538461538461539 1.0 0.11538461538461539,-0.7692307692307693,0.11538461538461539 -0.3333333333333333,0.3333333333333333,-0.3333333333333333 -1.0 0.39215686274509803 0.7727272727272727 1.0245098039215685
J -0.28,0.72 0.8113207547169812,-0.18867924528301888 -0.12,0.44,-0.44 -0.8490566037735849,0.1320754716981132,-0.018867924528301886 -0.72,0.28 -1.0 0.46153846153846156 0.7878787878787878 0.8205128205128205
K 0.18421052631578946,-0.5526315789473685,0.23684210526315788,-0.02631578947368421 -0.9807692307692307,0.019230769230769232 0.18421052631578946,-0.6052631578947368,0.21052631578947367 1.0 0.4473684210526316,-0.5526315789473685 -0.057692307692307696,0.17307692307692307,-0.46153846153846156,0.19230769230769232,-0.11538461538461539 0.7254901960784313 0.7727272727272727 0.8335983041865395
L 0.22580645161290322,-0.7741935483870968 -0.8846153846153846,0.11538461538461539 1.0 1.0 0.22580645161290322,-0.7741935483870968 -0.8846153846153846,0.11538461538461539 0.5882352941176471 0.7727272727272727 0.6607843137254902
M 0.2222222222222222,-0.5555555555555556,0.2222222222222222 1.0 0.15555555555555556,-0.6888888888888889,0.15555555555555556 1.0 0.15555555555555556,-0.17777777777777778,0.13333333333333333,-0.06666666666666667,0.13333333333333333,-0.17777777777777778,0.15555555555555556 -0.4423076923076923,0.25,-0.3076923076923077 0.8627450980392157 0.7727272727272727 0.9977718360071302
N 0.2894736842105263,-0.5263157894736842,0.18421052631578946 1.0 0.18421052631578946,-0.5789473684210527,0.23684210526315788 1.0 0.18421052631578946,-0.23684210526315788,0.18421052631578946,-0.21052631578947367,0.18421052631578946 -0.5769230769230769,0.2692307692307692,-0.15384615384615385 0.7254901960784313 0.7727272727272727 1.1081081081081081
O -0.3829787234042553,0.23404255319148937,-0.3829787234042553 -0.37037037037037035,0.25925925925925924,-0.37037037037037035 -0.3829787234042553,0.23404255319148937,-0.3829787234042553 -0.37037037037037035,0.25925925925925924,-0.37037037037037035 0.14893617021276595,-0.7021276595744681,0.14893617021276595 0.1111111111111111,-0.7777777777777778,0.1111111111111111 0.8679245283018868 0.803030303030303 0.7555373256767842
P 0.5882352941176471,-0.4117647058823529 -0.23076923076923078,0.15384615384615385,-0.6153846153846154 0.20588235294117646,-0.7941176470588235 1.0 0.20588235294117646,-0.4117647058823529,0.29411764705882354,-0.08823529411764706 -0.038461538461538464,0.15384615384615385,-0.23076923076923078,0.15384615384615385,-0.4230769230769231 0.6470588235294118 0.7727272727272727 0.8829471182412358
Q -0.3829787234042553,0.23404255319148937,-0.3829787234042553 -0.29850746268656714,0.208955223880597,-0.3880597014925373,0.08955223880597014,-0.014925373134328358 -0.723404255319149,0.23404255319148937,-0.0425531914893617 -0.29850746268656714,0.208955223880597,-0.4925373134328358 0.1702127659574468,-0.6595744680851063,0.1702127659574468 -0.029850746268656716,0.1044776119402985,-0.5373134328358209,0.1044776119402985,-0.08955223880597014,0.11940298507462686,-0.014925373134328358 0.696969696969697 1.0 0.7127799736495388
R 0.5121951219512195,-0.4878048780487805 -0.9807692307692307,0.019230769230769232 0.17073170731707318,-0.6341463414634146,0.1951219512195122 1.0 0.6829268292682927,-0.3170731707317073 -0.038461538461538464,0.17307692307692307,-0.1346153846153846,0.17307692307692307,-0.11538461538461539,0.17307692307692307,-0.19230769230769232 0.7843137254901961 0.7727272727272727 0.8647058823529412
S -0.37142857142857144,0.3142857142857143,-0.3142857142857143 -0.6296296296296297,0.14814814814814814,-0.2222222222222222 -0.2857142857142857,0.34285714285714286,-0.37142857142857144 -0.2037037037037037,0.14814814814814814,-0.4074074074074074,0.16666666666666666,-0.07407407407407407 -0.17142857142857143,0.6285714285714286,-0.2 -0.018518518518518517,0.12962962962962962,-0.3333333333333333,0.14814814814814814,-0.18518518518518517,0.14814814814814814,-0.037037037037037035 0.6415094339622641 0.803030303030303 0.8601553829078802
T 1.0 0.11538461538461539,-0.8846153846153846 -0.4222222222222222,0.15555555555555556,-0.4222222222222222 0.11538461538461539,-0.8846153846153846 -0.4222222222222222,0.15555555555555556,-0.4222222222222222 1.0 0.8627450980392157 0.7727272727272727 0.5084670231729055
U 0.1891891891891892,-0.6216216216216216,0.1891891891891892 0.7358490566037735,-0.2641509433962264 -0.35135135135135137,0.2972972972972973,-0.35135135135135137 0.7358490566037735,-0.2641509433962264 0.1891891891891892,-0.6216216216216216,0.1891891891891892 -0.8301886792452831,0.1509433962264151,-0.018867924528301886 0.6923076923076923 0.7878787878787878 0.8616452991452992
V 0.18604651162790697,-0.627906976744186,0.18604651162790697 0.019230769230769232,-0.9807692307692307 -0.4186046511627907,0.16279069767441862,-0.4186046511627907 0.019230769230769232,-0.9807692307692307 -0.20930232558139536,0.16279069767441862,-0.2558139534883721,0.16279069767441862,-0.20930232558139536 -0.5769230769230769,0.40384615384615385,-0.019230769230769232 0.8235294117647058 0.7727272727272727 0.6629318394024276
W 0.1111111111111111,-0.3333333333333333,0.1111111111111111,-0.3333333333333333,0.1111111111111111 0.038461538461538464,-0.9615384615384616 -0.20634920634920634,0.12698412698412698,-0.3333333333333333,0.12698412698412698,-0.20634920634920634 0.038461538461538464,-0.9615384615384616 -0.1111111111111111,0.09523809523809523,-0.14285714285714285,0.07936507936507936,-0.12698412698412698,0.09523809523809523,-0.14285714285714285,0.1111111111111111,-0.09523809523809523 -0.21153846153846154,0.4423076923076923,-0.34615384615384615 1.2156862745098038 0.7727272727272727 0.7912713472485768
X 0.19047619047619047,-0.6190476190476191,0.19047619047619047 0.019230769230769232,-0.9615384615384616,0.019230769230769232 0.19047619047619047,-0.6190476190476191,0.19047619047619047 0.019230769230769232,-0.9615384615384616,0.019230769230769232 -0.40476190476190477,0.19047619047619047,-0.40476190476190477 -0.25,0.23076923076923078,-0.038461538461538464,0.23076923076923078,-0.25 0.803921568627451 0.7727272727272727 0.757532281205165
Y 0.18604651162790697,-0.6046511627906976,0.20930232558139536 0.019230769230769232,-0.9807692307692307 -0.4186046511627907,0.16279069767441862,-0.4186046511627907 0.019230769230769232,-0.9807692307692307 -0.3488372093023256,0.27906976744186046,-0.37209302325581395 -0.28846153846153844,0.25,-0.46153846153846156 0.8235294117647058 0.7727272727272727 0.5536881419234361
Z -0.02702702702702703,0.9459459459459459,-0.02702702702702703 -0.8846153846153846,0.11538461538461539 1.0 -0.8653846153846154,0.1346153846153846 -0.3783783783783784,0.21621621621621623,-0.40540540540540543 0.11538461538461539,-0.057692307692307696,0.23076923076923078,-0.4807692307692308,0.11538461538461539 0.7058823529411765 0.7727272727272727 0.8164488017429193
