### Filename
### ref/Tahoma/letters-generated.png-ref.txt
a -0.2903225806451613,0.3870967741935484,-0.3225806451612903 -0.21951219512195122,0.7560975609756098,-0.024390243902439025 -0.25806451612903225,0.25806451612903225,-0.4838709677419355 -0.5853658536585366,0.1951219512195122,-0.21951219512195122 0.75 0.7272727272727273
b 0.21212121212121213,-0.7878787878787878 -0.5178571428571429,0.21428571428571427,-0.26785714285714285 -0.36363636363636365,0.2727272727272727,-0.36363636363636365 0.9821428571428571,-0.017857142857142856 0.5818181818181818 1.0
c -0.4666666666666667,0.3,-0.23333333333333334 -0.07317073170731707,0.17073170731707318,-0.4878048780487805,0.1951219512195122,-0.07317073170731707 -0.4666666666666667,0.3,-0.23333333333333334 -0.36585365853658536,0.2682926829268293,-0.36585365853658536 0.725 0.7272727272727273
d -0.7878787878787878,0.21212121212121213 0.9821428571428571,-0.017857142857142856 -0.3333333333333333,0.21212121212121213,-0.45454545454545453 -0.5357142857142857,0.21428571428571427,-0.25 0.5818181818181818 1.0
e -0.4117647058823529,0.2647058823529412,-0.3235294117647059 -0.2926829268292683,0.21951219512195122,-0.4878048780487805 -0.4117647058823529,0.3235294117647059,-0.2647058823529412 -0.36585365853658536,0.2682926829268293,-0.36585365853658536 0.825 0.7272727272727273
f -0.5416666666666666,0.4166666666666667,-0.041666666666666664 -0.01818181818181818,0.10909090909090909,-0.8727272727272727 -0.16666666666666666,0.2916666666666667,-0.5416666666666666 -0.2909090909090909,0.10909090909090909,-0.6 0.42592592592592593 0.9818181818181818
g -0.3939393939393939,0.24242424242424243,-0.36363636363636365 -0.018518518518518517,0.7407407407407407,-0.24074074074074073 -0.2727272727272727,0.36363636363636365,-0.36363636363636365 -0.2777777777777778,0.2037037037037037,-0.5185185185185185 0.6037735849056604 0.9636363636363636
h 0.23333333333333334,-0.7666666666666667 -0.45454545454545453,0.5454545454545454 0.23333333333333334,-0.5333333333333333,0.23333333333333334 1.0 0.5370370370370371 0.9818181818181818
. 1.0 1.0 1.0 1.0 1.0 0.10909090909090909
i 1.0 1.0 1.0 1.0 0.15789473684210525 0.6909090909090909
. 1.0 1.0 1.0 1.0 1.0 0.10909090909090909
j -0.2631578947368421,0.7368421052631579 0.8301886792452831,-0.16981132075471697 0.5263157894736842,-0.47368421052631576 -0.8867924528301887,0.11320754716981132 0.34615384615384615 0.9454545454545454
k 0.21875,-0.78125 -0.9818181818181818,0.01818181818181818 0.21875,-0.5,0.28125 1.0 0.5740740740740741 0.9818181818181818
l 1.0 1.0 1.0 1.0 0.1111111111111111 0.9818181818181818
m -0.27450980392156865,0.13725490196078433,-0.29411764705882354,0.13725490196078433,-0.1568627450980392 -0.225,0.775 0.13725490196078433,-0.29411764705882354,0.13725490196078433,-0.29411764705882354,0.13725490196078433 -0.025,0.975 1.2820512820512822 0.7090909090909091
n -0.5,0.23333333333333334,-0.26666666666666666 -0.25,0.75 0.23333333333333334,-0.5333333333333333,0.23333333333333334 -0.025,0.975 0.7435897435897436 0.7090909090909091
o -0.37142857142857144,0.2571428571428571,-0.37142857142857144 -0.36585365853658536,0.2682926829268293,-0.36585365853658536 -0.37142857142857144,0.2571428571428571,-0.37142857142857144 -0.36585365853658536,0.2682926829268293,-0.36585365853658536 0.85 0.7272727272727273
p -0.45454545454545453,0.24242424242424243,-0.30303030303030304 -0.25925925925925924,0.2222222222222222,-0.5185185185185185 0.21212121212121213,-0.7878787878787878 -0.018518518518518517,0.9814814814814815 0.6037735849056604 0.9636363636363636
q -0.3939393939393939,0.24242424242424243,-0.36363636363636365 -0.018518518518518517,0.9814814814814815 -0.7878787878787878,0.21212121212121213 -0.2777777777777778,0.2222222222222222,-0.5 0.6037735849056604 0.9636363636363636
r 0.3333333333333333,-0.38095238095238093,0.2857142857142857 0.1794871794871795,-0.8205128205128205 0.3333333333333333,-0.6666666666666666 1.0 0.5263157894736842 0.6909090909090909
s -0.35714285714285715,0.35714285714285715,-0.2857142857142857 -0.6097560975609756,0.17073170731707318,-0.21951219512195122 -0.2857142857142857,0.35714285714285715,-0.35714285714285715 -0.1951219512195122,0.17073170731707318,-0.36585365853658536,0.1951219512195122,-0.07317073170731707 0.675 0.7272727272727273
t -0.17391304347826086,0.30434782608695654,-0.5217391304347826 -0.21568627450980393,0.11764705882352941,-0.5294117647058824,0.11764705882352941,-0.0196078431372549 -0.5217391304347826,0.34782608695652173,-0.13043478260869565 -0.21568627450980393,0.11764705882352941,-0.6666666666666666 0.44 0.9090909090909091
u 0.23333333333333334,-0.5333333333333333,0.23333333333333334 0.975,-0.025 -0.26666666666666666,0.23333333333333334,-0.5 0.775,-0.225 0.7435897435897436 0.7090909090909091
v 0.2222222222222222,-0.5555555555555556,0.2222222222222222 0.02564102564102564,-0.9743589743589743 -0.4166666666666667,0.16666666666666666,-0.4166666666666667 0.02564102564102564,-0.9743589743589743 0.9210526315789473 0.6909090909090909
w 0.13725490196078433,-0.3137254901960784,0.11764705882352941,-0.29411764705882354,0.13725490196078433 0.05128205128205128,-0.9487179487179487 -0.19607843137254902,0.11764705882352941,-0.37254901960784315,0.11764705882352941,-0.19607843137254902 0.05128205128205128,-0.9487179487179487 1.3157894736842106 0.6909090909090909
x 0.19444444444444445,-0.5833333333333334,0.2222222222222222 0.02564102564102564,-0.9487179487179487,0.02564102564102564 0.2222222222222222,-0.5833333333333334,0.19444444444444445 0.02564102564102564,-0.9487179487179487,0.02564102564102564 0.9210526315789473 0.6909090909090909
y 0.2222222222222222,-0.5555555555555556,0.2222222222222222 0.018867924528301886,-0.9811320754716981 -0.19444444444444445,0.2222222222222222,-0.5833333333333334 0.018867924528301886,-0.9811320754716981 0.6730769230769231 0.9454545454545454
z -0.03571428571428571,0.9642857142857143 0.15384615384615385,-0.6923076923076923,0.15384615384615385 1.0 -0.8461538461538461,0.15384615384615385 0.7105263157894737 0.6909090909090909
