1 -0.3333333333333333,0.3333333333333333,-0.3333333333333333 -0.8461538461538461,0.15384615384615385 1.0 -0.15384615384615385,0.15384615384615385,-0.5384615384615384,0.15384615384615385 0.4166666666666667 1.0
2 -0.1111111111111111,0.5555555555555556,-0.3333333333333333 -0.8461538461538461,0.15384615384615385 1.0 -0.07692307692307693,0.15384615384615385,-0.5384615384615384,0.23076923076923078 0.6666666666666666 1.0
3 -0.125,0.625,-0.25 -0.07692307692307693,0.23076923076923078,-0.23076923076923078,0.3076923076923077,-0.15384615384615385 -0.125,0.625,-0.25 -0.07692307692307693,0.15384615384615385,-0.5384615384615384,0.15384615384615385,-0.07692307692307693 0.5833333333333334 1.0
4 -0.5555555555555556,0.2222222222222222,-0.2222222222222222 -0.5384615384615384,0.15384615384615385,-0.3076923076923077 -0.5555555555555556,0.2222222222222222,-0.2222222222222222 -0.46153846153846156,0.23076923076923078,-0.3076923076923077 0.6666666666666666 1.0
5 -0.125,0.875 0.15384615384615385,-0.38461538461538464,0.3076923076923077,-0.15384615384615385 -0.125,0.625,-0.25 -0.7692307692307693,0.15384615384615385,-0.07692307692307693 0.5833333333333334 1.0
6 -0.375,0.5,-0.125 -0.5384615384615384,0.3076923076923077,-0.15384615384615385 -0.25,0.5,-0.25 -0.3076923076923077,0.46153846153846156,-0.23076923076923078 0.5833333333333334 1.0
7 1.0 0.23076923076923078,-0.7692307692307693 -0.125,0.25,-0.625 0.15384615384615385,-0.8461538461538461 0.5833333333333334 1.0
8 -0.2222222222222222,0.5555555555555556,-0.2222222222222222 -0.15384615384615385,0.23076923076923078,-0.23076923076923078,0.23076923076923078,-0.15384615384615385 -0.2222222222222222,0.5555555555555556,-0.2222222222222222 -0.15384615384615385,0.23076923076923078,-0.15384615384615385,0.3076923076923077,-0.15384615384615385 0.6666666666666666 1.0
9 -0.25,0.5,-0.25 -0.23076923076923078,0.46153846153846156,-0.3076923076923077 -0.125,0.5,-0.375 -0.15384615384615385,0.3076923076923077,-0.5384615384615384 0.5833333333333334 1.0
0 -0.25,0.5,-0.25 -0.23076923076923078,0.5384615384615384,-0.23076923076923078 -0.25,0.5,-0.25 -0.23076923076923078,0.5384615384615384,-0.23076923076923078 0.5833333333333334 1.0
