### Filename
### ref/Tahoma/symbols-generated.png-ref.txt
( -0.6190476190476191,0.38095238095238093 0.014492753623188406,-0.9710144927536232,0.014492753623188406 -0.6190476190476191,0.38095238095238093 -0.391304347826087,0.21739130434782608,-0.391304347826087 0.2857142857142857,-0.7142857142857143 -1.0 0.29411764705882354 1.0 0.6808823529411765
) 0.38095238095238093,-0.6190476190476191 -0.391304347826087,0.21739130434782608,-0.391304347826087 0.38095238095238093,-0.6190476190476191 0.014492753623188406,-0.9710144927536232,0.014492753623188406 -0.7142857142857143,0.2857142857142857 -1.0 0.29411764705882354 1.0 0.6786764705882353
[ 1.0 0.07246376811594203,-0.855072463768116,0.07246376811594203 1.0 1.0 0.3333333333333333,-0.6666666666666666 -1.0 0.25 1.0 0.9100346020761245
] 1.0 1.0 1.0 0.07246376811594203,-0.855072463768116,0.07246376811594203 -0.6666666666666666,0.3333333333333333 -1.0 0.25 1.0 0.9100346020761245
, -0.4,0.6 0.043478260869565216,-0.9565217391304348 0.3333333333333333,-0.6666666666666666 -0.9130434782608695,0.08695652173913043 -0.2,0.4666666666666667,-0.3333333333333333 0.34782608695652173,-0.6521739130434783 0.6363636363636364 0.3235294117647059 1.0097402597402598
. 1.0 1.0 1.0 1.0 1.0 1.0 0.7777777777777778 0.1323529411764706 2.4444444444444446
/ -0.7692307692307693,0.23076923076923078 0.030303030303030304,-0.9696969696969697 0.23076923076923078,-0.7692307692307693 -0.9696969696969697,0.030303030303030304 -0.38461538461538464,0.23076923076923078,-0.38461538461538464 -1.0 0.38461538461538464 0.9558823529411765 0.5021538461538462
° -0.37037037037037035,0.25925925925925924,-0.37037037037037035 -0.37037037037037035,0.25925925925925924,-0.37037037037037035 -0.37037037037037035,0.25925925925925924,-0.37037037037037035 -0.37037037037037035,0.25925925925925924,-0.37037037037037035 0.18518518518518517,-0.6296296296296297,0.18518518518518517 0.18518518518518517,-0.6296296296296297,0.18518518518518517 1.0 0.38235294117647056 1.0236686390532543
# -0.42857142857142855,0.11904761904761904,-0.21428571428571427,0.11904761904761904,-0.11904761904761904 -0.28846153846153844,0.09615384615384616,-0.6153846153846154 -0.11904761904761904,0.11904761904761904,-0.21428571428571427,0.11904761904761904,-0.42857142857142855 -0.6346153846153846,0.09615384615384616,-0.2692307692307692 -0.2857142857142857,0.11904761904761904,-0.21428571428571427,0.11904761904761904,-0.2619047619047619 -0.28846153846153844,0.09615384615384616,-0.11538461538461539,0.38461538461538464,-0.11538461538461539 0.803921568627451 0.75 0.7780966044954567
@ -0.4107142857142857,0.21428571428571427,-0.375 -0.39344262295081966,0.19672131147540983,-0.4098360655737705 -0.4107142857142857,0.21428571428571427,-0.375 -0.39344262295081966,0.21311475409836064,-0.39344262295081966 0.08928571428571429,-0.14285714285714285,0.10714285714285714,-0.2857142857142857,0.10714285714285714,-0.17857142857142858,0.08928571428571429 0.08196721311475409,-0.16393442622950818,0.06557377049180328,-0.3770491803278688,0.08196721311475409,-0.14754098360655737,0.08196721311475409 0.9166666666666666 0.8823529411764706 0.7857575757575758
' 1.0 0.3,-0.7 -0.25,0.5,-0.25 0.3,-0.7 -0.125,0.75,-0.125 -1.0 0.3684210526315789 0.27941176470588236 1.9097744360902256
§ -0.3870967741935484,0.3548387096774194,-0.25806451612903225 -0.417910447761194,0.1044776119402985,-0.47761194029850745 -0.25806451612903225,0.3225806451612903,-0.41935483870967744 -0.4626865671641791,0.1044776119402985,-0.43283582089552236 0.22580645161290322,-0.5483870967741935,0.22580645161290322 -1.0 0.45454545454545453 0.9705882352941176 0.9873737373737373
- 1.0 1.0 1.0 1.0 1.0 1.0 3.8 0.07352941176470588 2.336842105263158
_ 1.0 1.0 1.0 1.0 1.0 1.0 10.0 0.058823529411764705 2.31875
* -0.42424242424242425,0.15151515151515152,-0.42424242424242425 -0.24242424242424243,0.030303030303030304,-0.45454545454545453,0.030303030303030304,-0.24242424242424243 -0.42424242424242425,0.15151515151515152,-0.42424242424242425 -0.24242424242424243,0.030303030303030304,-0.45454545454545453,0.030303030303030304,-0.24242424242424243 -0.3939393939393939,0.21212121212121213,-0.3939393939393939 1.0 1.0 0.47058823529411764 0.8173828125
^ -0.4418604651162791,0.11627906976744186,-0.4418604651162791 -0.9642857142857143,0.03571428571428571 0.16279069767441862,-0.6744186046511628,0.16279069767441862 -0.9642857142857143,0.03571428571428571 -0.23255813953488372,0.16279069767441862,-0.20930232558139536,0.16279069767441862,-0.23255813953488372 -0.2857142857142857,0.39285714285714285,-0.32142857142857145 1.5555555555555556 0.39705882352941174 0.6313932980599647
$ -0.4375,0.125,-0.4375 -0.5652173913043478,0.10144927536231885,-0.3333333333333333 -0.4375,0.125,-0.4375 -0.2898550724637681,0.10144927536231885,-0.2753623188405797,0.10144927536231885,-0.2318840579710145 -0.34375,0.53125,-0.125 -1.0 0.45588235294117646 1.0 0.7637571157495257
€ -0.5526315789473685,0.2894736842105263,-0.15789473684210525 -0.037037037037037035,0.12962962962962962,-0.6666666666666666,0.12962962962962962,-0.037037037037037035 -0.5526315789473685,0.2631578947368421,-0.18421052631578946 -0.4074074074074074,0.05555555555555555,-0.12962962962962962,0.05555555555555555,-0.35185185185185186 -0.07894736842105263,0.18421052631578946,-0.7368421052631579 0.1111111111111111,-0.25925925925925924,0.09259259259259259,-0.09259259259259259,0.09259259259259259,-0.24074074074074073,0.1111111111111111 0.6981132075471698 0.7794117647058824 0.8980112187659357
£ -0.5454545454545454,0.2727272727272727,-0.18181818181818182 -0.8867924528301887,0.11320754716981132 1.0 -0.8679245283018868,0.1320754716981132 -0.21212121212121213,0.21212121212121213,-0.5757575757575758 0.1320754716981132,-0.37735849056603776,0.09433962264150944,-0.2830188679245283,0.11320754716981132 0.6153846153846154 0.7647058823529411 0.8329326923076923
` 0.6,-0.4 -0.9230769230769231,0.07692307692307693 -0.6,0.4 0.07692307692307693,-0.9230769230769231 -0.3333333333333333,0.4666666666666667,-0.2 0.6923076923076923,-0.3076923076923077 1.1666666666666667 0.17647058823529413 1.0297619047619047
´ -0.4,0.6 0.07692307692307693,-0.9230769230769231 0.4,-0.6 -0.9230769230769231,0.07692307692307693 -0.2,0.4666666666666667,-0.3333333333333333 0.8461538461538461,-0.15384615384615385 1.1666666666666667 0.17647058823529413 1.0297619047619047
+ -0.42857142857142855,0.14285714285714285,-0.42857142857142855 -0.42857142857142855,0.14285714285714285,-0.42857142857142855 -0.42857142857142855,0.14285714285714285,-0.42857142857142855 -0.42857142857142855,0.14285714285714285,-0.42857142857142855 1.0 1.0 1.0 0.6029411764705882 0.5544318857822724
< -0.9736842105263158,0.02631578947368421 0.17073170731707318,-0.6585365853658537,0.17073170731707318 -0.9736842105263158,0.02631578947368421 -0.43902439024390244,0.12195121951219512,-0.43902439024390244 0.21052631578947367,-0.7894736842105263 -0.1951219512195122,0.17073170731707318,-0.2682926829268293,0.17073170731707318,-0.1951219512195122 0.925 0.5882352941176471 0.6175675675675676
> 0.02631578947368421,-0.9736842105263158 -0.43902439024390244,0.12195121951219512,-0.43902439024390244 0.02631578947368421,-0.9736842105263158 0.17073170731707318,-0.6585365853658537,0.17073170731707318 -0.7894736842105263,0.21052631578947367 -0.24390243902439024,0.14634146341463414,-0.21951219512195122,0.14634146341463414,-0.24390243902439024 0.925 0.5882352941176471 0.5966216216216216
| 1.0 1.0 1.0 1.0 1.0 -1.0 0.07352941176470588 1.0 2.4235294117647057
A -0.3953488372093023,0.20930232558139536,-0.3953488372093023 -0.9615384615384616,0.038461538461538464 0.18604651162790697,-0.627906976744186,0.18604651162790697 -0.9615384615384616,0.038461538461538464 -0.20930232558139536,0.16279069767441862,-0.2558139534883721,0.16279069767441862,-0.20930232558139536 0.38461538461538464,-0.23076923076923078,0.11538461538461539,-0.2692307692307692 0.8235294117647058 0.75 0.7735760971055089
