### Filename
### ref/Lucida Sans Regular/capitals-generated.png-ref.txt
A -0.4375,0.125,-0.4375 -0.9807692307692307,0.019230769230769232 0.14583333333333334,-0.6875,0.16666666666666666 -0.9807692307692307,0.019230769230769232 -0.22916666666666666,0.125,-0.2708333333333333,0.14583333333333334,-0.22916666666666666 0.28846153846153844,-0.3269230769230769,0.11538461538461539,-0.2692307692307692 0.9215686274509803 0.8225806451612904 0.672090112640801
B 0.6129032258064516,-0.3870967741935484 -0.6730769230769231,0.15384615384615385,-0.17307692307692307 0.6451612903225806,-0.3548387096774194 1.0 0.6129032258064516,-0.3870967741935484 -0.057692307692307696,0.34615384615384615,-0.15384615384615385,0.40384615384615385,-0.038461538461538464 0.5882352941176471 0.8225806451612904 1.203267973856209
C -0.47619047619047616,0.2619047619047619,-0.2619047619047619 -0.07407407407407407,0.1111111111111111,-0.6111111111111112,0.1111111111111111,-0.09259259259259259 -0.4523809523809524,0.2857142857142857,-0.2619047619047619 -0.37037037037037035,0.25925925925925924,-0.37037037037037035 0.16666666666666666,-0.8333333333333334 0.1111111111111111,-0.7777777777777778,0.1111111111111111 0.7735849056603774 0.8548387096774194 0.6359871145881271
D 0.5581395348837209,-0.4418604651162791 -0.36538461538461536,0.23076923076923078,-0.40384615384615385 0.5348837209302325,-0.46511627906976744 1.0 0.16279069767441862,-0.6744186046511628,0.16279069767441862 -0.019230769230769232,0.11538461538461539,-0.7307692307692307,0.11538461538461539,-0.019230769230769232 0.8235294117647058 0.8225806451612904 0.892623716153128
E 0.9333333333333333,-0.06666666666666667 -0.8846153846153846,0.11538461538461539 1.0 1.0 0.8333333333333334,-0.16666666666666666 0.11538461538461539,-0.7692307692307693,0.11538461538461539 0.5686274509803921 0.8225806451612904 0.9776876267748479
F 1.0 0.11538461538461539,-0.8846153846153846 0.2413793103448276,-0.7586206896551724 1.0 0.8620689655172413,-0.13793103448275862 0.11538461538461539,-0.8846153846153846 0.5490196078431373 0.8225806451612904 0.8270308123249299
G -0.4523809523809524,0.2857142857142857,-0.2619047619047619 -0.07407407407407407,0.1111111111111111,-0.3888888888888889,0.3888888888888889,-0.037037037037037035 -0.4523809523809524,0.30952380952380953,-0.23809523809523808 -0.37037037037037035,0.25925925925925924,-0.37037037037037035 0.16666666666666666,-0.8333333333333334 0.1111111111111111,-0.7777777777777778,0.1111111111111111 0.7735849056603774 0.8548387096774194 0.7340082834790612
H 0.1794871794871795,-0.6410256410256411,0.1794871794871795 1.0 0.1794871794871795,-0.6410256410256411,0.1794871794871795 1.0 1.0 -0.4230769230769231,0.11538461538461539,-0.46153846153846156 0.7450980392156863 0.8225806451612904 0.9035087719298246
I 1.0 1.0 1.0 1.0 1.0 -1.0 0.11764705882352941 0.8225806451612904 2.3627450980392157
J -0.6818181818181818,0.3181818181818182 0.8225806451612904,-0.1774193548387097 -0.09090909090909091,0.4090909090909091,-0.5 -0.8870967741935484,0.0967741935483871,-0.016129032258064516 -0.6818181818181818,0.3181818181818182 -1.0 0.3442622950819672 0.9838709677419355 0.7611241217798594
K 0.1794871794871795,-0.5641025641025641,0.15384615384615385,-0.10256410256410256 -0.9807692307692307,0.019230769230769232 0.1794871794871795,-0.5897435897435898,0.23076923076923078 1.0 0.38461538461538464,-0.6153846153846154 -0.07692307692307693,0.1346153846153846,-0.5,0.19230769230769232,-0.09615384615384616 0.7450980392156863 0.8225806451612904 0.7734778121775026
L 0.23333333333333334,-0.7666666666666667 -0.8846153846153846,0.11538461538461539 1.0 1.0 0.23333333333333334,-0.7666666666666667 -0.8846153846153846,0.11538461538461539 0.5686274509803921 0.8225806451612904 0.6754563894523327
M 0.20833333333333334,-0.6041666666666666,0.1875 1.0 0.125,-0.7291666666666666,0.14583333333333334 1.0 0.125,-0.125,0.14583333333333334,-0.22916666666666666,0.10416666666666667,-0.125,0.14583333333333334 -0.7307692307692307,0.21153846153846154,-0.057692307692307696 0.9215686274509803 0.8225806451612904 1.0279516061743847
N 0.1794871794871795,-0.6666666666666666,0.15384615384615385 1.0 0.15384615384615385,-0.6666666666666666,0.1794871794871795 1.0 0.15384615384615385,-0.23076923076923078,0.20512820512820512,-0.2564102564102564,0.15384615384615385 -0.5576923076923077,0.25,-0.19230769230769232 0.7450980392156863 0.8225806451612904 0.9881320949432405
O -0.3958333333333333,0.20833333333333334,-0.3958333333333333 -0.3888888888888889,0.2222222222222222,-0.3888888888888889 -0.375,0.22916666666666666,-0.3958333333333333 -0.3888888888888889,0.2222222222222222,-0.3888888888888889 0.14583333333333334,-0.7083333333333334,0.14583333333333334 0.1111111111111111,-0.7777777777777778,0.1111111111111111 0.8867924528301887 0.8548387096774194 0.7438779606583701
P 0.65625,-0.34375 -0.17307692307692307,0.17307692307692307,-0.6538461538461539 0.21875,-0.78125 1.0 0.21875,-0.25,0.40625,-0.125 -0.038461538461538464,0.5,-0.46153846153846156 0.6078431372549019 0.8225806451612904 0.9196710942441493
Q -0.3584905660377358,0.18867924528301888,-0.4528301886792453 -0.9047619047619048,0.015873015873015872,-0.07936507936507936 -0.8867924528301887,0.03773584905660377,-0.07547169811320754 -0.3333333333333333,0.19047619047619047,-0.47619047619047616 0.1320754716981132,-0.6415094339622641,0.1320754716981132,-0.09433962264150944 -0.015873015873015872,0.1111111111111111,-0.6031746031746031,0.15873015873015872,-0.1111111111111111 0.8387096774193549 1.0 0.6498138957816377
R 0.5526315789473685,-0.4473684210526316 -0.9807692307692307,0.019230769230769232 0.18421052631578946,-0.5789473684210527,0.23684210526315788 1.0 0.631578947368421,-0.3684210526315789 -0.038461538461538464,0.4423076923076923,-0.19230769230769232,0.21153846153846154,-0.11538461538461539 0.7254901960784313 0.8225806451612904 0.9348171701112877
S -0.3548387096774194,0.2903225806451613,-0.3548387096774194 -0.6481481481481481,0.14814814814814814,-0.2037037037037037 -0.2903225806451613,0.2903225806451613,-0.41935483870967744 -0.18518518518518517,0.12962962962962962,-0.5,0.1111111111111111,-0.07407407407407407 -0.2903225806451613,0.45161290322580644,-0.25806451612903225 -0.037037037037037035,0.1111111111111111,-0.3888888888888889,0.3888888888888889,-0.07407407407407407 0.5660377358490566 0.8548387096774194 0.8383647798742139
T 1.0 0.11538461538461539,-0.8846153846153846 -0.4186046511627907,0.16279069767441862,-0.4186046511627907 0.11538461538461539,-0.8846153846153846 -0.4186046511627907,0.16279069767441862,-0.4186046511627907 0.11538461538461539,-0.8846153846153846 0.8235294117647058 0.8225806451612904 0.5224089635854342
U 0.18421052631578946,-0.6578947368421053,0.15789473684210525 0.7358490566037735,-0.2641509433962264 -0.3684210526315789,0.2894736842105263,-0.34210526315789475 0.7358490566037735,-0.2641509433962264 0.18421052631578946,-0.6578947368421053,0.15789473684210525 -0.8679245283018868,0.11320754716981132,-0.018867924528301886 0.7115384615384616 0.8387096774193549 0.8009355509355509
V 0.17391304347826086,-0.6739130434782609,0.15217391304347827 0.019230769230769232,-0.9807692307692307 -0.41304347826086957,0.15217391304347827,-0.43478260869565216 0.019230769230769232,-0.9807692307692307 -0.21739130434782608,0.15217391304347827,-0.2826086956521739,0.13043478260869565,-0.21739130434782608 -0.7115384615384616,0.28846153846153844 0.8823529411764706 0.8225806451612904 0.5925925925925926
W 0.11290322580645161,-0.3387096774193548,0.11290322580645161,-0.3387096774193548,0.0967741935483871 0.038461538461538464,-0.9615384615384616 -0.20967741935483872,0.11290322580645161,-0.3225806451612903,0.12903225806451613,-0.22580645161290322 0.038461538461538464,-0.9615384615384616 -0.0967741935483871,0.12903225806451613,-0.12903225806451613,0.08064516129032258,-0.11290322580645161,0.11290322580645161,-0.12903225806451613,0.0967741935483871,-0.11290322580645161 -0.21153846153846154,0.38461538461538464,-0.40384615384615385 1.196078431372549 0.8225806451612904 0.7958855673416908
X -0.023809523809523808,0.19047619047619047,-0.6190476190476191,0.16666666666666666 0.019230769230769232,-0.9615384615384616,0.019230769230769232 0.16666666666666666,-0.6428571428571429,0.19047619047619047 -0.9807692307692307,0.019230769230769232 -0.40476190476190477,0.19047619047619047,-0.40476190476190477 -0.2692307692307692,0.21153846153846154,-0.019230769230769232,0.25,-0.25 0.803921568627451 0.8225806451612904 0.7178383548541368
Y 0.18604651162790697,-0.6511627906976745,0.16279069767441862 0.019230769230769232,-0.9807692307692307 -0.3953488372093023,0.16279069767441862,-0.4418604651162791 0.019230769230769232,-0.9807692307692307 -0.3488372093023256,0.27906976744186046,-0.37209302325581395 -0.3269230769230769,0.21153846153846154,-0.46153846153846156 0.8235294117647058 0.8225806451612904 0.5298786181139122
Z -0.05405405405405406,0.9459459459459459 0.1346153846153846,-0.75,0.11538461538461539 1.0 -0.8653846153846154,0.1346153846153846 -0.40540540540540543,0.21621621621621623,-0.3783783783783784 0.11538461538461539,-0.07692307692307693,0.23076923076923078,-0.46153846153846156,0.11538461538461539 0.7058823529411765 0.8225806451612904 0.8142701525054467
