### Filename
### ref/Lucida Sans Regular/letters-generated.png-ref.txt
a -0.3235294117647059,0.29411764705882354,-0.38235294117647056 -0.875,0.1,-0.025 -0.20588235294117646,0.20588235294117646,-0.38235294117647056,0.14705882352941177,-0.058823529411764705 -0.65,0.175,-0.175 -0.14705882352941177,0.7058823529411765,-0.14705882352941177 0.15,-0.25,0.1,-0.3,0.125,-0.075 0.8461538461538461 0.6964285714285714 0.9867909867909868
b 0.20588235294117646,-0.7941176470588235 -0.5263157894736842,0.21052631578947367,-0.2631578947368421 -0.4117647058823529,0.23529411764705882,-0.35294117647058826 0.9824561403508771,-0.017543859649122806 0.23529411764705882,-0.5294117647058824,0.20588235294117646,-0.029411764705882353 -0.3508771929824561,0.5614035087719298,-0.08771929824561403 0.5892857142857143 1.0 0.8847402597402597
c -0.4827586206896552,0.3448275862068966,-0.1724137931034483 -0.05,0.125,-0.625,0.15,-0.05 -0.4482758620689655,0.3448275862068966,-0.20689655172413793 -0.35,0.275,-0.375 0.2413793103448276,-0.7586206896551724 0.125,-0.725,0.15 0.717948717948718 0.6964285714285714 0.8122710622710623
d -0.7941176470588235,0.20588235294117646 0.9824561403508771,-0.017543859649122806 -0.3235294117647059,0.20588235294117646,-0.47058823529411764 -0.5614035087719298,0.21052631578947367,-0.22807017543859648 -0.029411764705882353,0.20588235294117646,-0.5588235294117647,0.20588235294117646 0.9824561403508771,-0.017543859649122806 0.5892857142857143 1.0 0.8869047619047619
e -0.41935483870967744,0.25806451612903225,-0.3225806451612903 -0.325,0.2,-0.3,0.125,-0.05 -0.45161290322580644,0.3548387096774194,-0.1935483870967742 -0.375,0.25,-0.375 1.0 0.15,-0.25,0.125,-0.35,0.125 0.7692307692307693 0.6964285714285714 1.0128205128205128
f -0.5,0.38461538461538464,-0.11538461538461539 -0.017543859649122806,0.08771929824561403,-0.8947368421052632 -0.19230769230769232,0.2692307692307692,-0.5384615384615384 -0.3333333333333333,0.08771929824561403,-0.5789473684210527 -0.19230769230769232,0.2692307692307692,-0.5384615384615384 -1.0 0.44642857142857145 1.0 0.7392857142857143
g -0.35294117647058826,0.23529411764705882,-0.4117647058823529 -0.018518518518518517,0.7222222222222222,-0.25925925925925924 -0.29411764705882354,0.3235294117647059,-0.38235294117647056 -0.25925925925925924,0.2037037037037037,-0.5370370370370371 -0.029411764705882353,0.20588235294117646,-0.5294117647058824,0.23529411764705882 -0.07407407407407407,0.09259259259259259,-0.3148148148148148,0.09259259259259259,-0.18518518518518517,0.2037037037037037,-0.037037037037037035 0.6226415094339622 0.9464285714285714 0.9925671812464265
h 0.22580645161290322,-0.7741935483870968 -0.44642857142857145,0.5535714285714286 0.22580645161290322,-0.5483870967741935,0.22580645161290322 1.0 0.3225806451612903,-0.45161290322580644,0.22580645161290322 -0.35714285714285715,0.6428571428571429 0.5454545454545454 0.9821428571428571 0.9048484848484849
. 1.0 1.0 1.0 1.0 1.0 1.0 1.0 0.10714285714285714 2.5833333333333335
i 1.0 1.0 1.0 1.0 1.0 -1.0 0.16216216216216217 0.6607142857142857 2.373873873873874
. 1.0 1.0 1.0 1.0 1.0 1.0 1.0 0.10714285714285714 2.5833333333333335
j -0.65,0.35 0.8301886792452831,-0.16981132075471697 -0.2,0.4,-0.4 -0.8679245283018868,0.09433962264150944,-0.03773584905660377 -0.65,0.35 -1.0 0.36538461538461536 0.9285714285714286 0.832995951417004
k 0.20588235294117646,-0.7941176470588235 -0.9821428571428571,0.017857142857142856 0.20588235294117646,-0.5294117647058824,0.2647058823529412 1.0 0.20588235294117646,-0.23529411764705882,0.23529411764705882,-0.3235294117647059 -0.32142857142857145,0.07142857142857142,-0.48214285714285715,0.125 0.6 0.9821428571428571 0.7840220385674931
l 1.0 1.0 1.0 1.0 1.0 -1.0 0.10909090909090909 0.9821428571428571 2.360606060606061
m -0.3018867924528302,0.1320754716981132,-0.3018867924528302,0.1320754716981132,-0.1320754716981132 -0.1794871794871795,0.8205128205128205 0.1320754716981132,-0.3018867924528302,0.1320754716981132,-0.3018867924528302,0.1320754716981132 -0.02564102564102564,0.9743589743589743 0.1320754716981132,-0.3018867924528302,0.1320754716981132,-0.3018867924528302,0.1320754716981132 0.15384615384615385,-0.8461538461538461 1.368421052631579 0.6785714285714286 0.9757085020242915
n -0.5161290322580645,0.25806451612903225,-0.22580645161290322 -0.20512820512820512,0.7948717948717948 0.22580645161290322,-0.5483870967741935,0.22580645161290322 -0.02564102564102564,0.9743589743589743 0.22580645161290322,-0.5483870967741935,0.22580645161290322 0.15384615384615385,-0.8461538461538461 0.7894736842105263 0.6785714285714286 1.0824561403508772
o -0.3611111111111111,0.2777777777777778,-0.3611111111111111 -0.375,0.25,-0.375 -0.3611111111111111,0.2777777777777778,-0.3611111111111111 -0.375,0.25,-0.375 0.19444444444444445,-0.6111111111111112,0.19444444444444445 0.125,-0.75,0.125 0.8974358974358975 0.6964285714285714 0.8893772893772893
p -0.47058823529411764,0.20588235294117646,-0.3235294117647059 -0.24528301886792453,0.22641509433962265,-0.5283018867924528 0.20588235294117646,-0.7941176470588235 -0.018867924528301886,0.9811320754716981 0.20588235294117646,-0.5588235294117647,0.20588235294117646,-0.029411764705882353 -0.03773584905660377,0.22641509433962265,-0.22641509433962265,0.20754716981132076,-0.3018867924528302 0.6346153846153846 0.9285714285714286 0.9184149184149184
q -0.35294117647058826,0.23529411764705882,-0.4117647058823529 -0.018867924528301886,0.9811320754716981 -0.7941176470588235,0.20588235294117646 -0.2830188679245283,0.22641509433962265,-0.49056603773584906 0.23529411764705882,-0.5588235294117647,0.20588235294117646 -0.07547169811320754,0.09433962264150944,-0.3584905660377358,0.09433962264150944,-0.37735849056603776 0.6346153846153846 0.9285714285714286 0.916083916083916
r -0.7142857142857143,0.23809523809523808,-0.047619047619047616 -0.02564102564102564,0.15384615384615385,-0.8205128205128205 0.3333333333333333,-0.6666666666666666 -0.02564102564102564,0.9743589743589743 0.3333333333333333,-0.6666666666666666 0.15384615384615385,-0.8461538461538461 0.5263157894736842 0.6785714285714286 0.9157894736842105
s -0.32,0.36,-0.32 -0.625,0.175,-0.2 -0.28,0.36,-0.36 -0.175,0.175,-0.45,0.125,-0.075 -0.2,0.6,-0.2 -0.025,0.125,-0.325,0.475,-0.05 0.6153846153846154 0.6964285714285714 0.9786324786324786
t -0.3181818181818182,0.22727272727272727,-0.45454545454545453 -0.1702127659574468,0.10638297872340426,-0.6170212765957447,0.10638297872340426 -0.5454545454545454,0.45454545454545453 -0.1702127659574468,0.10638297872340426,-0.723404255319149 -0.22727272727272727,0.3181818181818182,-0.45454545454545453 -1.0 0.45652173913043476 0.8214285714285714 0.901656314699793
u 0.22580645161290322,-0.5483870967741935,0.22580645161290322 0.9743589743589743,-0.02564102564102564 -0.22580645161290322,0.25806451612903225,-0.5161290322580645 0.7948717948717948,-0.20512820512820512 0.22580645161290322,-0.5483870967741935,0.22580645161290322 -0.7692307692307693,0.15384615384615385,-0.07692307692307693 0.7894736842105263 0.6785714285714286 1.0885964912280701
v 0.21621621621621623,-0.5945945945945946,0.1891891891891892 0.02631578947368421,-0.9736842105263158 -0.3783783783783784,0.21621621621621623,-0.40540540540540543 0.02631578947368421,-0.9736842105263158 -0.1891891891891892,0.1891891891891892,-0.24324324324324326,0.16216216216216217,-0.21621621621621623 -0.7894736842105263,0.21052631578947367 0.972972972972973 0.6607142857142857 0.7402402402402403
w 0.12727272727272726,-0.3090909090909091,0.16363636363636364,-0.2909090909090909,0.10909090909090909 0.05128205128205128,-0.9487179487179487 -0.18181818181818182,0.16363636363636364,-0.2727272727272727,0.16363636363636364,-0.21818181818181817 0.05128205128205128,-0.9487179487179487 -0.09090909090909091,0.14545454545454545,-0.10909090909090909,0.10909090909090909,-0.09090909090909091,0.12727272727272726,-0.10909090909090909,0.10909090909090909,-0.10909090909090909 -0.41025641025641024,0.5641025641025641,-0.02564102564102564 1.4210526315789473 0.6785714285714286 0.9395711500974658
x 0.23684210526315788,-0.5526315789473685,0.18421052631578946,-0.02631578947368421 -0.9736842105263158,0.02631578947368421 0.21052631578947367,-0.5526315789473685,0.23684210526315788 0.02631578947368421,-0.9473684210526315,0.02631578947368421 -0.3684210526315789,0.2631578947368421,-0.3684210526315789 -0.34210526315789475,0.2894736842105263,-0.3684210526315789 1.0 0.6607142857142857 0.8356464572680788
y 0.18421052631578946,-0.6578947368421053,0.15789473684210525 0.038461538461538464,-0.9615384615384616 -0.23684210526315788,0.21052631578947367,-0.5526315789473685 0.038461538461538464,-0.9615384615384616 -0.2631578947368421,0.18421052631578946,-0.10526315789473684,0.18421052631578946,-0.2631578947368421 -0.28846153846153844,0.28846153846153844,-0.4230769230769231 0.7254901960784313 0.9107142857142857 0.6263910969793323
z -0.030303030303030304,0.9696969696969697 0.15789473684210525,-0.7105263157894737,0.13157894736842105 1.0 -0.8421052631578947,0.15789473684210525 -0.36363636363636365,0.2727272727272727,-0.36363636363636365 0.13157894736842105,-0.15789473684210525,0.2894736842105263,-0.2894736842105263,0.13157894736842105 0.8648648648648649 0.6607142857142857 0.9493243243243243
A -0.4375,0.125,-0.4375 -0.9807692307692307,0.019230769230769232 0.14583333333333334,-0.6875,0.16666666666666666 -0.9807692307692307,0.019230769230769232 -0.22916666666666666,0.125,-0.2708333333333333,0.14583333333333334,-0.22916666666666666 0.28846153846153844,-0.3269230769230769,0.11538461538461539,-0.2692307692307692 0.9215686274509803 0.9107142857142857 0.672090112640801
