### Filename
### ref/Lucida Sans Regular/symbols-generated.png-ref.txt
( -0.9375,0.0625 0.09090909090909091,-0.8181818181818182,0.09090909090909091 -0.9375,0.0625 -0.3939393939393939,0.21212121212121213,-0.3939393939393939 0.4375,-0.5625 -1.0 0.23076923076923078 1.0 0.7128205128205128
) 0.0625,-0.9375 -0.3939393939393939,0.21212121212121213,-0.3939393939393939 0.0625,-0.9375 0.09090909090909091,-0.8181818181818182,0.09090909090909091 -0.5625,0.4375 -1.0 0.23076923076923078 1.0 0.7128205128205128
[ 1.0 0.07575757575757576,-0.8484848484848485,0.07575757575757576 1.0 1.0 0.42857142857142855,-0.5714285714285714 -1.0 0.2 1.0 1.1124260355029585
] 1.0 1.0 1.0 0.07575757575757576,-0.8484848484848485,0.07575757575757576 -0.5714285714285714,0.42857142857142855 -1.0 0.2 1.0 1.1124260355029585
, 1.0 0.6,-0.4 0.2222222222222222,-0.7777777777777778 0.45,-0.4,0.15 -0.4444444444444444,0.5555555555555556 -1.0 0.42105263157894735 0.2923076923076923 1.7171052631578947
. 1.0 1.0 1.0 1.0 1.0 1.0 1.0 0.12307692307692308 2.421875
/ -0.7916666666666666,0.20833333333333334 0.03225806451612903,-0.967741935483871 0.20833333333333334,-0.7916666666666666 -0.967741935483871,0.03225806451612903 -0.4166666666666667,0.20833333333333334,-0.375 -1.0 0.3770491803278688 0.9384615384615385 0.4540270848182466
° -0.3333333333333333,0.3333333333333333,-0.3333333333333333 -0.3333333333333333,0.3333333333333333,-0.3333333333333333 -0.3333333333333333,0.3333333333333333,-0.3333333333333333 -0.3333333333333333,0.3333333333333333,-0.3333333333333333 0.19047619047619047,-0.6190476190476191,0.19047619047619047 0.19047619047619047,-0.6190476190476191,0.19047619047619047 1.0 0.3076923076923077 1.0325
# -0.43478260869565216,0.08695652173913043,-0.2391304347826087,0.08695652173913043,-0.15217391304347827 -0.3076923076923077,0.057692307692307696,-0.6346153846153846 -0.15217391304347827,0.08695652173913043,-0.2391304347826087,0.08695652173913043,-0.43478260869565216 -0.6538461538461539,0.038461538461538464,-0.3076923076923077 -0.30434782608695654,0.08695652173913043,-0.2391304347826087,0.08695652173913043,-0.2826086956521739 -0.3076923076923077,0.07692307692307693,-0.23076923076923078,0.07692307692307693,-0.038461538461538464,0.2692307692307692 0.8823529411764706 0.7846153846153846 0.5995642701525055
@ -0.5,0.17857142857142858,-0.32142857142857145 -0.3148148148148148,0.16666666666666666,-0.5185185185185185 -0.30357142857142855,0.19642857142857142,-0.5 -0.5,0.2037037037037037,-0.2962962962962963 -0.017857142857142856,0.07142857142857142,-0.17857142857142858,0.07142857142857142,-0.25,0.10714285714285714,-0.21428571428571427,0.07142857142857142,-0.017857142857142856 -0.018518518518518517,0.07407407407407407,-0.14814814814814814,0.07407407407407407,-0.3148148148148148,0.09259259259259259,-0.2037037037037037,0.07407407407407407 1.0377358490566038 0.8153846153846154 0.6737564322469983
' 1.0 0.2631578947368421,-0.7368421052631579 -0.2222222222222222,0.5555555555555556,-0.2222222222222222 0.2631578947368421,-0.7368421052631579 -0.1111111111111111,0.7777777777777778,-0.1111111111111111 -1.0 0.4444444444444444 0.27692307692307694 1.8541666666666667
§ -0.375,0.34375,-0.28125 -0.7692307692307693,0.09230769230769231,-0.13846153846153847 -0.28125,0.34375,-0.375 -0.13846153846153847,0.1076923076923077,-0.2,0.09230769230769231,-0.3384615384615385,0.07692307692307693,-0.046153846153846156 0.25,-0.5,0.21875,-0.03125 -1.0 0.484375 0.9846153846153847 0.9606854838709677
- 1.0 1.0 1.0 1.0 1.0 1.0 7.75 0.06153846153846154 2.338709677419355
_ 1.0 1.0 1.0 1.0 1.0 1.0 7.25 0.06153846153846154 2.3448275862068964
* -0.4074074074074074,0.18518518518518517,-0.4074074074074074 -0.38461538461538464,0.07692307692307693,-0.5384615384615384 -0.25925925925925924,0.037037037037037035,-0.4074074074074074,0.037037037037037035,-0.25925925925925924 -0.38461538461538464,0.07692307692307693,-0.5384615384615384 -0.1111111111111111,0.2962962962962963,-0.18518518518518517,0.2962962962962963,-0.1111111111111111 0.4230769230769231,-0.19230769230769232,0.07692307692307693,-0.3076923076923077 1.04 0.38461538461538464 0.6846153846153846
^ -0.48717948717948717,0.02564102564102564,-0.48717948717948717 -0.9736842105263158,0.02631578947368421 0.1282051282051282,-0.7435897435897436,0.1282051282051282 -0.9736842105263158,0.02631578947368421 -0.2564102564102564,0.1282051282051282,-0.23076923076923078,0.1282051282051282,-0.2564102564102564 -0.05263157894736842,0.2631578947368421,-0.6842105263157895 1.027027027027027 0.5692307692307692 0.4786628733997155
$ -0.4666666666666667,0.1,-0.43333333333333335 -0.6333333333333333,0.11666666666666667,-0.25 -0.4666666666666667,0.1,-0.43333333333333335 -0.7833333333333333,0.08333333333333333,-0.13333333333333333 -0.3333333333333333,0.36666666666666664,-0.3 -0.6333333333333333,0.11666666666666667,-0.25 0.4915254237288136 0.9076923076923077 0.7942723553477499
€ -0.5813953488372093,0.2558139534883721,-0.16279069767441862 -0.05555555555555555,0.1111111111111111,-0.6666666666666666,0.1111111111111111,-0.05555555555555555 -0.5581395348837209,0.2558139534883721,-0.18604651162790697 -0.4074074074074074,0.018518518518518517,-0.18518518518518517,0.018518518518518517,-0.37037037037037035 -0.13953488372093023,0.16279069767441862,-0.6976744186046512 0.12962962962962962,-0.2222222222222222,0.07407407407407407,-0.12962962962962962,0.07407407407407407,-0.25925925925925924,0.1111111111111111 0.7924528301886793 0.8153846153846154 0.7628032345013477
£ -0.5666666666666667,0.3,-0.13333333333333333 -0.8867924528301887,0.11320754716981132 1.0 -0.8867924528301887,0.11320754716981132 -0.03333333333333333,0.7,-0.26666666666666666 -0.018867924528301886,0.09433962264150944,-0.7735849056603774,0.11320754716981132 0.5576923076923077 0.8 0.8209549071618037
` 0.5,-0.5 -0.9090909090909091,0.09090909090909091 -0.625,0.375 0.09090909090909091,-0.9090909090909091 -0.3125,0.4375,-0.25 0.5454545454545454,-0.45454545454545453 1.5 0.15384615384615385 0.96
´ -0.5,0.5 0.09090909090909091,-0.9090909090909091 0.375,-0.625 -0.9090909090909091,0.09090909090909091 -0.25,0.4375,-0.3125 -0.36363636363636365,0.6363636363636364 1.5 0.15384615384615385 0.9733333333333334
+ -0.43902439024390244,0.12195121951219512,-0.43902439024390244 -0.43902439024390244,0.12195121951219512,-0.43902439024390244 -0.43902439024390244,0.12195121951219512,-0.43902439024390244 -0.43902439024390244,0.12195121951219512,-0.43902439024390244 1.0 1.0 1.0 0.6153846153846154 0.479375
< -0.975609756097561,0.024390243902439025 0.14634146341463414,-0.7073170731707317,0.14634146341463414 -0.975609756097561,0.024390243902439025 -0.4878048780487805,0.024390243902439025,-0.4878048780487805 0.2682926829268293,-0.7317073170731707 -0.24390243902439024,0.14634146341463414,-0.21951219512195122,0.14634146341463414,-0.24390243902439024 1.0 0.6153846153846154 0.485625
> 0.024390243902439025,-0.975609756097561 -0.4878048780487805,0.024390243902439025,-0.4878048780487805 0.024390243902439025,-0.975609756097561 0.14634146341463414,-0.7073170731707317,0.14634146341463414 -0.7317073170731707,0.2682926829268293 -0.24390243902439024,0.14634146341463414,-0.21951219512195122,0.14634146341463414,-0.24390243902439024 1.0 0.6153846153846154 0.46375
| 1.0 1.0 1.0 1.0 1.0 -1.0 0.06153846153846154 1.0 2.526923076923077
A -0.4375,0.125,-0.4375 -0.9807692307692307,0.019230769230769232 0.14583333333333334,-0.6875,0.16666666666666666 -0.9807692307692307,0.019230769230769232 -0.22916666666666666,0.125,-0.2708333333333333,0.14583333333333334,-0.22916666666666666 0.28846153846153844,-0.3269230769230769,0.11538461538461539,-0.2692307692307692 0.9215686274509803 0.7846153846153846 0.672090112640801
