A -0.5,0.08333333333333333,-0.4166666666666667 -0.9230769230769231,0.07692307692307693 0.4166666666666667,-0.16666666666666666,0.4166666666666667 -0.9230769230769231,0.07692307692307693 0.9166666666666666 0.8
B 0.7272727272727273,-0.2727272727272727 -0.6153846153846154,0.23076923076923078,-0.15384615384615385 0.8181818181818182,-0.18181818181818182 0.07692307692307693,-0.8461538461538461,0.07692307692307693 0.8333333333333334 0.8
C -0.36363636363636365,0.45454545454545453,-0.09090909090909091,0.09090909090909091 0.3076923076923077,-0.38461538461538464,0.07692307692307693,-0.23076923076923078 -0.36363636363636365,0.36363636363636365,-0.2727272727272727 -0.3076923076923077,0.38461538461538464,-0.3076923076923077 0.8333333333333334 0.8
D 0.6666666666666666,-0.3333333333333333 -0.3076923076923077,0.38461538461538464,-0.3076923076923077 0.6666666666666666,-0.3333333333333333 0.07692307692307693,-0.8461538461538461,0.07692307692307693 0.9166666666666666 0.8
E 0.9090909090909091,-0.09090909090909091 -0.6923076923076923,0.3076923076923077 1.0 0.07692307692307693,-0.8461538461538461,0.07692307692307693 0.8333333333333334 0.8
F 1.0 0.23076923076923078,-0.7692307692307693 0.6,-0.4 0.07692307692307693,-0.8461538461538461,0.07692307692307693 0.75 0.8
G -0.3076923076923077,0.38461538461538464,-0.07692307692307693,0.07692307692307693,-0.15384615384615385 -0.5384615384615384,0.07692307692307693,-0.38461538461538464 -0.3076923076923077,0.46153846153846156,-0.23076923076923078 -0.3076923076923077,0.38461538461538464,-0.3076923076923077 1.0 0.8
H 0.42857142857142855,-0.14285714285714285,0.42857142857142855 0.07692307692307693,-0.8461538461538461,0.07692307692307693 0.42857142857142855,-0.14285714285714285,0.42857142857142855 0.07692307692307693,-0.8461538461538461,0.07692307692307693 1.0833333333333333 0.8
I 1.0 0.07692307692307693,-0.8461538461538461,0.07692307692307693 1.0 0.07692307692307693,-0.8461538461538461,0.07692307692307693 0.4166666666666667 0.8
J -0.3333333333333333,0.6666666666666666 0.07692307692307693,-0.9230769230769231 -0.1111111111111111,0.4444444444444444,-0.4444444444444444 -0.6923076923076923,0.23076923076923078,-0.07692307692307693 0.6666666666666666 0.8
K 0.46153846153846156,-0.07692307692307693,0.38461538461538464,-0.07692307692307693 -0.9230769230769231,0.07692307692307693 0.46153846153846156,-0.23076923076923078,0.3076923076923077 0.07692307692307693,-0.8461538461538461,0.07692307692307693 1.0 0.8
L 0.5454545454545454,-0.45454545454545453 -0.6923076923076923,0.3076923076923077 1.0 0.07692307692307693,-0.8461538461538461,0.07692307692307693 0.8333333333333334 0.8
M 0.3125,-0.375,0.3125 0.07692307692307693,-0.8461538461538461,0.07692307692307693 0.3125,-0.125,0.0625,-0.125,0.375 0.07692307692307693,-0.8461538461538461,0.07692307692307693 1.25 0.8
N 0.2857142857142857,-0.35714285714285715,0.35714285714285715 0.07692307692307693,-0.9230769230769231 0.35714285714285715,-0.42857142857142855,0.07142857142857142,-0.14285714285714285 0.07692307692307693,-0.8461538461538461,0.07692307692307693 1.0833333333333333 0.8
O -0.3333333333333333,0.3333333333333333,-0.3333333333333333 -0.3076923076923077,0.38461538461538464,-0.3076923076923077 -0.3333333333333333,0.3333333333333333,-0.3333333333333333 -0.3076923076923077,0.38461538461538464,-0.3076923076923077 0.9166666666666666 0.8
P 0.8,-0.2 -0.07692307692307693,0.3076923076923077,-0.6153846153846154 0.6,-0.4 0.07692307692307693,-0.8461538461538461,0.07692307692307693 0.75 0.8
Q -0.3333333333333333,0.3333333333333333,-0.3333333333333333 -0.25,0.3125,-0.375,0.0625 -0.5833333333333334,0.4166666666666667 -0.25,0.3125,-0.4375 0.7333333333333333 1.0
R 0.6153846153846154,-0.38461538461538464 -0.9230769230769231,0.07692307692307693 0.46153846153846156,-0.23076923076923078,0.3076923076923077 0.07692307692307693,-0.8461538461538461,0.07692307692307693 1.0 0.8
S -0.25,0.5,-0.125,0.125 0.3076923076923077,-0.23076923076923078,0.3076923076923077,-0.15384615384615385 0.125,-0.125,0.5,-0.25 -0.15384615384615385,0.23076923076923078,-0.3076923076923077,0.3076923076923077 0.5833333333333334 0.8
T 1.0 0.23076923076923078,-0.7692307692307693 -0.2,0.6,-0.2 0.23076923076923078,-0.7692307692307693 0.75 0.8
U 0.42857142857142855,-0.21428571428571427,0.35714285714285715 0.07692307692307693,-0.9230769230769231 -0.2857142857142857,0.42857142857142855,-0.2857142857142857 0.07692307692307693,-0.9230769230769231 1.0833333333333333 0.8
V 0.4166666666666667,-0.16666666666666666,0.4166666666666667 0.07692307692307693,-0.9230769230769231 -0.4166666666666667,0.08333333333333333,-0.5 0.07692307692307693,-0.9230769230769231 0.9166666666666666 0.8
W 0.2777777777777778,-0.2222222222222222,0.05555555555555555,-0.16666666666666666,0.2777777777777778 0.07692307692307693,-0.9230769230769231 -0.2777777777777778,0.05555555555555555,-0.3333333333333333,0.05555555555555555,-0.2777777777777778 0.07692307692307693,-0.9230769230769231 1.4166666666666667 0.8
X 0.46153846153846156,-0.15384615384615385,0.38461538461538464 0.07692307692307693,-0.8461538461538461,0.07692307692307693 0.38461538461538464,-0.15384615384615385,0.46153846153846156 0.07692307692307693,-0.8461538461538461,0.07692307692307693 1.0 0.8
Y 0.4166666666666667,-0.25,0.3333333333333333 0.07692307692307693,-0.9230769230769231 -0.25,0.5,-0.25 0.07692307692307693,-0.9230769230769231 0.9166666666666666 0.8
Z -0.09090909090909091,0.9090909090909091 0.07692307692307693,-0.6153846153846154,0.3076923076923077 1.0 -0.9230769230769231,0.07692307692307693 0.8333333333333334 0.8
