### Filename
### ref/Georgia/letters-generated.png-ref.txt
a -0.34375,0.28125,-0.375 -0.918918918918919,0.05405405405405406,-0.02702702702702703 -0.1875,0.21875,-0.34375,0.1875,-0.0625 -0.6756756756756757,0.16216216216216217,-0.16216216216216217 -0.25,0.21875,-0.15625,0.21875,-0.15625 0.16216216216216217,-0.24324324324324326,0.05405405405405406,-0.3783783783783784,0.08108108108108109,-0.08108108108108109 0.8611111111111112 0.6545454545454545 0.9354838709677419
b -0.1794871794871795,0.1794871794871795,-0.6410256410256411 -0.5535714285714286,0.17857142857142858,-0.26785714285714285 -0.1794871794871795,0.05128205128205128,-0.7692307692307693 -0.017857142857142856,0.03571428571428571,-0.9464285714285714 -0.1794871794871795,0.1794871794871795,-0.41025641025641024,0.1794871794871795,-0.05128205128205128 -0.32142857142857145,0.10714285714285714,-0.4642857142857143,0.07142857142857142,-0.03571428571428571 0.6909090909090909 1.0 0.6818181818181818
c -0.41935483870967744,0.25806451612903225,-0.3225806451612903 -0.7567567567567568,0.02702702702702703,-0.21621621621621623 -0.3870967741935484,0.25806451612903225,-0.3548387096774194 -0.3783783783783784,0.2702702702702703,-0.35135135135135137 0.22580645161290322,-0.7741935483870968 0.08108108108108109,-0.8108108108108109,0.10810810810810811 0.8333333333333334 0.6545454545454545 0.7527777777777778
d -0.631578947368421,0.21052631578947367,-0.15789473684210525 -0.9272727272727272,0.03636363636363636,-0.03636363636363636 -0.2894736842105263,0.18421052631578946,-0.5263157894736842 -0.5818181818181818,0.16363636363636364,-0.2545454545454545 -0.05263157894736842,0.18421052631578946,-0.42105263157894735,0.18421052631578946,-0.15789473684210525 0.9818181818181818,-0.01818181818181818 0.6851851851851852 0.9818181818181818 0.7327327327327328
e -0.375,0.28125,-0.34375 -0.7297297297297297,0.02702702702702703,-0.24324324324324326 -0.40625,0.25,-0.34375 -0.3783783783783784,0.24324324324324326,-0.3783783783783784 0.21875,-0.78125 0.08108108108108109,-0.2972972972972973,0.08108108108108109,-0.43243243243243246,0.10810810810810811 0.8611111111111112 0.6545454545454545 0.850358422939068
f -0.6428571428571429,0.25,-0.10714285714285714 -0.037037037037037035,0.07407407407407407,-0.8888888888888888 -0.07142857142857142,0.6785714285714286,-0.25 -0.35185185185185186,0.05555555555555555,-0.5925925925925926 -0.25,0.25,-0.5 -0.018518518518518517,0.12962962962962962,-0.8518518518518519 0.5094339622641509 0.9636363636363636 0.6792452830188679
g -0.3235294117647059,0.23529411764705882,-0.4411764705882353 -0.019230769230769232,0.057692307692307696,-0.6153846153846154,0.1346153846153846,-0.17307692307692307 -0.2647058823529412,0.38235294117647056,-0.35294117647058826 -0.7692307692307693,0.11538461538461539,-0.11538461538461539 -0.14705882352941177,0.11764705882352941,-0.7352941176470589 -0.019230769230769232,0.34615384615384615,-0.21153846153846154,0.11538461538461539,-0.21153846153846154,0.07692307692307693,-0.019230769230769232 0.6470588235294118 0.9272727272727272 0.8609625668449198
h -0.15789473684210525,0.15789473684210525,-0.6842105263157895 -0.9629629629629629,0.037037037037037035 0.4473684210526316,-0.10526315789473684,0.4473684210526316 -0.018518518518518517,0.037037037037037035,-0.9074074074074074,0.037037037037037035 -0.13157894736842105,0.21052631578947367,-0.34210526315789475,0.18421052631578946,-0.13157894736842105 -0.3333333333333333,0.6666666666666666 0.6981132075471698 0.9636363636363636 0.7404385517593065
. -0.3333333333333333,0.4444444444444444,-0.2222222222222222 -0.3,0.4,-0.3 -0.3333333333333333,0.3333333333333333,-0.3333333333333333 -0.3,0.4,-0.3 1.0 1.0 0.8888888888888888 0.16363636363636364 1.9305555555555556
i -0.3333333333333333,0.3888888888888889,-0.2777777777777778 -0.9444444444444444,0.05555555555555555 -0.05555555555555555,0.9444444444444444 -0.027777777777777776,0.05555555555555555,-0.9166666666666666 -0.3333333333333333,0.3888888888888889,-0.2777777777777778 -0.9444444444444444,0.05555555555555555 0.4857142857142857 0.6363636363636364 0.9865546218487395
. -0.3333333333333333,0.4444444444444444,-0.2222222222222222 -0.3,0.4,-0.3 -0.3333333333333333,0.3333333333333333,-0.3333333333333333 -0.3,0.4,-0.3 1.0 1.0 0.8888888888888888 0.16363636363636364 1.9305555555555556
j -0.6,0.4 0.75,-0.25 -0.15,0.35,-0.5 -0.8846153846153846,0.07692307692307693,-0.038461538461538464 -0.65,0.35 -1.0 0.37254901960784315 0.9272727272727272 0.8503611971104231
k -0.1794871794871795,0.1794871794871795,-0.6410256410256411 -0.9629629629629629,0.037037037037037035 -0.05128205128205128,0.4358974358974359,-0.23076923076923078,0.28205128205128205 -0.018518518518518517,0.037037037037037035,-0.9444444444444444 -0.1794871794871795,0.1794871794871795,-0.2564102564102564,0.05128205128205128,-0.3333333333333333 -0.3333333333333333,0.14814814814814814,-0.24074074074074073,0.2222222222222222,-0.05555555555555555 0.7169811320754716 0.9636363636363636 0.6737835153922542
l -0.3684210526315789,0.3684210526315789,-0.2631578947368421 -0.9629629629629629,0.037037037037037035 -0.10526315789473684,0.8947368421052632 -0.018518518518518517,0.037037037037037035,-0.9444444444444444 -0.3684210526315789,0.3684210526315789,-0.2631578947368421 -1.0 0.33962264150943394 0.9636363636363636 0.8857442348008385
m -0.1016949152542373,0.1016949152542373,-0.13559322033898305,0.11864406779661017,-0.23728813559322035,0.11864406779661017,-0.1864406779661017 -0.9444444444444444,0.05555555555555555 0.288135593220339,-0.06779661016949153,0.288135593220339,-0.06779661016949153,0.288135593220339 -0.027777777777777776,0.05555555555555555,-0.8611111111111112,0.05555555555555555 -0.0847457627118644,0.11864406779661017,-0.23728813559322035,0.11864406779661017,-0.23728813559322035,0.11864406779661017,-0.0847457627118644 -0.027777777777777776,0.1111111111111111,-0.8611111111111112 1.6571428571428573 0.6363636363636364 0.9044334975369458
n -0.15789473684210525,0.15789473684210525,-0.21052631578947367,0.18421052631578946,-0.2894736842105263 -0.9444444444444444,0.05555555555555555 0.4473684210526316,-0.10526315789473684,0.4473684210526316 -0.027777777777777776,0.05555555555555555,-0.8611111111111112,0.05555555555555555 -0.13157894736842105,0.18421052631578946,-0.3684210526315789,0.18421052631578946,-0.13157894736842105 -0.027777777777777776,0.1111111111111111,-0.8611111111111112 1.0571428571428572 0.6363636363636364 0.9328185328185328
o -0.37142857142857144,0.2571428571428571,-0.37142857142857144 -0.35135135135135137,0.2702702702702703,-0.3783783783783784 -0.37142857142857144,0.2571428571428571,-0.37142857142857144 -0.3783783783783784,0.24324324324324326,-0.3783783783783784 0.2,-0.6,0.2 0.08108108108108109,-0.8378378378378378,0.08108108108108109 0.9444444444444444 0.6545454545454545 0.8055555555555556
p -0.16216216216216217,0.1891891891891892,-0.1891891891891892,0.16216216216216217,-0.2972972972972973 -0.25,0.19230769230769232,-0.5576923076923077 0.5405405405405406,-0.4594594594594595 -0.019230769230769232,0.038461538461538464,-0.9038461538461539,0.038461538461538464 -0.16216216216216217,0.1891891891891892,-0.43243243243243246,0.1891891891891892,-0.02702702702702703 0.11538461538461539,-0.5,0.07692307692307693,-0.3076923076923077 0.7058823529411765 0.9272727272727272 0.7913943355119826
q -0.7894736842105263,0.07894736842105263,-0.13157894736842105 -0.9622641509433962,0.03773584905660377 -0.5,0.5 -0.2830188679245283,0.16981132075471697,-0.5471698113207547 -0.02631578947368421,0.18421052631578946,-0.4473684210526316,0.18421052631578946,-0.15789473684210525 -0.07547169811320754,0.9245283018867925 0.7115384615384616 0.9454545454545454 0.7375259875259875
r -0.2222222222222222,0.2222222222222222,-0.25925925925925924,0.18518518518518517,-0.1111111111111111 -0.08333333333333333,0.1388888888888889,-0.7777777777777778 0.7037037037037037,-0.2962962962962963 -0.027777777777777776,0.05555555555555555,-0.8611111111111112,0.05555555555555555 -0.18518518518518517,0.25925925925925924,-0.5555555555555556 -0.027777777777777776,0.1111111111111111,-0.8055555555555556,0.05555555555555555 0.7428571428571429 0.6363636363636364 0.8373626373626374
s -0.3333333333333333,0.2962962962962963,-0.18518518518518517,0.07407407407407407,-0.1111111111111111 -0.6216216216216216,0.16216216216216217,-0.21621621621621623 -0.3333333333333333,0.2962962962962963,-0.37037037037037035 -0.6486486486486487,0.32432432432432434,-0.02702702702702703 -0.2222222222222222,0.6296296296296297,-0.14814814814814814 -0.02702702702702703,0.10810810810810811,-0.2972972972972973,0.1891891891891892,-0.2702702702702703,0.08108108108108109,-0.02702702702702703 0.7222222222222222 0.6545454545454545 0.9006410256410257
t -0.2608695652173913,0.30434782608695654,-0.43478260869565216 -0.8936170212765957,0.06382978723404255,-0.0425531914893617 -0.43478260869565216,0.34782608695652173,-0.21739130434782608 -0.23404255319148937,0.06382978723404255,-0.7021276595744681 -0.2608695652173913,0.30434782608695654,-0.43478260869565216 -1.0 0.4782608695652174 0.8363636363636363 0.7895256916996047
u -0.16216216216216217,0.16216216216216217,-0.35135135135135137,0.1891891891891892,-0.13513513513513514 -0.8918918918918919,0.05405405405405406,-0.05405405405405406 -0.2972972972972973,0.1891891891891892,-0.5135135135135135 -0.02702702702702703,0.05405405405405406,-0.918918918918919 -0.13513513513513514,0.1891891891891892,-0.35135135135135137,0.1891891891891892,-0.13513513513513514 -0.8918918918918919,0.08108108108108109,-0.02702702702702703 1.0 0.6545454545454545 0.8935185185185185
v 0.42105263157894735,-0.2631578947368421,0.3157894736842105 0.05714285714285714,-0.9428571428571428 -0.4473684210526316,0.10526315789473684,-0.4473684210526316 0.05714285714285714,-0.9428571428571428 -0.2631578947368421,0.21052631578947367,-0.21052631578947367,0.02631578947368421,-0.2894736842105263 -0.4857142857142857,0.5142857142857142 1.088235294117647 0.6181818181818182 0.5468998410174881
w 0.2962962962962963,-0.48148148148148145,0.2222222222222222 0.05714285714285714,-0.9428571428571428 -0.2777777777777778,0.05555555555555555,-0.35185185185185186,0.037037037037037035,-0.2777777777777778 0.05714285714285714,-0.9428571428571428 -0.16666666666666666,0.12962962962962962,-0.1111111111111111,0.037037037037037035,-0.1111111111111111,0.14814814814814814,-0.09259259259259259,0.037037037037037035,-0.16666666666666666 -0.6285714285714286,0.37142857142857144 1.5588235294117647 0.6181818181818182 0.6548279689234184
x -0.027777777777777776,0.4166666666666667,-0.16666666666666666,0.3611111111111111,-0.027777777777777776 -0.9428571428571428,0.05714285714285714 0.3611111111111111,-0.19444444444444445,0.4444444444444444 -0.9428571428571428,0.05714285714285714 -0.3888888888888889,0.25,-0.3611111111111111 -0.2857142857142857,0.34285714285714286,-0.37142857142857144 1.0294117647058822 0.6181818181818182 0.8025210084033614
y 0.43243243243243246,-0.24324324324324326,0.32432432432432434 0.0392156862745098,-0.9607843137254902 -0.10810810810810811,0.13513513513513514,-0.7567567567567568 0.0392156862745098,-0.9607843137254902 -0.35135135135135137,0.21621621621621623,-0.02702702702702703,0.05405405405405406,-0.35135135135135137 0.0392156862745098,-0.27450980392156865,0.09803921568627451,-0.5882352941176471 0.72 0.9090909090909091 0.4922222222222222
z -0.03571428571428571,0.9642857142857143 0.05714285714285714,-0.6,0.34285714285714286 1.0 -0.9142857142857143,0.08571428571428572 -0.35714285714285715,0.2857142857142857,-0.35714285714285715 0.08571428571428572,-0.05714285714285714,0.37142857142857144,-0.4,0.08571428571428572 0.7941176470588235 0.6181818181818182 0.9727668845315904
A -0.47058823529411764,0.058823529411764705,-0.47058823529411764 -0.94,0.06 0.35294117647058826,-0.2549019607843137,0.39215686274509803 -0.94,0.06 -0.29411764705882354,0.0392156862745098,-0.23529411764705882,0.1568627450980392,-0.27450980392156865 0.24,-0.36,0.06,-0.34 1.0204081632653061 0.8909090909090909 0.5191836734693878
