### Filename
### ref/Georgia/numbers-generated.png-ref.txt
1 -0.5416666666666666,0.125,-0.3333333333333333 -0.9230769230769231,0.07692307692307693 1.0 -0.10256410256410256,0.07692307692307693,-0.7435897435897436,0.07692307692307693 0.6052631578947368 0.7450980392156863
2 -0.3333333333333333,0.2727272727272727,-0.3939393939393939 -0.8461538461538461,0.15384615384615385 1.0 -0.20512820512820512,0.1282051282051282,-0.5384615384615384,0.1282051282051282 0.8421052631578947 0.7450980392156863
3 -0.38235294117647056,0.2647058823529412,-0.35294117647058826 -0.6346153846153846,0.15384615384615385,-0.21153846153846154 -0.29411764705882354,0.29411764705882354,-0.4117647058823529 -0.75,0.09615384615384616,-0.15384615384615385 0.6470588235294118 1.0
4 -0.6666666666666666,0.1388888888888889,-0.19444444444444445 -0.5961538461538461,0.09615384615384616,-0.3076923076923077 -0.6111111111111112,0.19444444444444445,-0.19444444444444445 -0.5769230769230769,0.11538461538461539,-0.3076923076923077 0.6862745098039216 1.0
5 -0.18181818181818182,0.7878787878787878,-0.030303030303030304 -0.5686274509803921,0.17647058823529413,-0.2549019607843137 -0.30303030303030304,0.2727272727272727,-0.42424242424242425 -0.7647058823529411,0.09803921568627451,-0.13725490196078433 0.64 0.9803921568627451
6 -0.7352941176470589,0.058823529411764705,-0.20588235294117646 -0.5769230769230769,0.17307692307692307,-0.25 -0.38235294117647056,0.23529411764705882,-0.38235294117647056 -0.4807692307692308,0.23076923076923078,-0.28846153846153844 0.6470588235294118 1.0
7 1.0 0.058823529411764705,-0.9411764705882353 -0.12121212121212122,0.15151515151515152,-0.7272727272727273 0.27450980392156865,-0.7254901960784313 0.64 0.9803921568627451
8 -0.4,0.2571428571428571,-0.34285714285714286 -0.6538461538461539,0.1346153846153846,-0.21153846153846154 -0.34285714285714286,0.2857142857142857,-0.37142857142857144 -0.6730769230769231,0.1346153846153846,-0.19230769230769232 0.6666666666666666 1.0
9 -0.38235294117647056,0.23529411764705882,-0.38235294117647056 -0.28846153846153844,0.23076923076923078,-0.4807692307692308 -0.20588235294117646,0.08823529411764706,-0.7058823529411765 -0.25,0.17307692307692307,-0.5769230769230769 0.6470588235294118 1.0
0 -0.3611111111111111,0.2777777777777778,-0.3611111111111111 -0.38461538461538464,0.2564102564102564,-0.358974358974359 -0.2777777777777778,0.4444444444444444,-0.2777777777777778 -0.38461538461538464,0.2564102564102564,-0.358974358974359 0.9210526315789473 0.7450980392156863
