### Filename
### ref/Georgia/symbols-generated.png-ref.txt
( -0.8571428571428571,0.14285714285714285 0.045454545454545456,-0.9090909090909091,0.045454545454545456 -0.8571428571428571,0.14285714285714285 -0.3787878787878788,0.24242424242424243,-0.3787878787878788 0.3076923076923077 0.9558823529411765
) 0.14285714285714285,-0.8571428571428571 -0.3787878787878788,0.24242424242424243,-0.3787878787878788 0.14285714285714285,-0.8571428571428571 0.045454545454545456,-0.9090909090909091,0.045454545454545456 0.3076923076923077 0.9558823529411765
[ 1.0 0.045454545454545456,-0.9090909090909091,0.045454545454545456 1.0 1.0 0.27692307692307694 0.9558823529411765
] 1.0 1.0 1.0 0.045454545454545456,-0.9090909090909091,0.045454545454545456 0.27692307692307694 0.9558823529411765
, -0.25,0.4166666666666667,-0.3333333333333333 -0.19047619047619047,0.3333333333333333,-0.47619047619047616 -0.08333333333333333,0.16666666666666666,-0.75 -0.8571428571428571,0.047619047619047616,-0.09523809523809523 0.55 0.29411764705882354
. -0.3,0.4,-0.3 -0.3,0.4,-0.3 -0.3,0.4,-0.3 -0.3,0.4,-0.3 1.0 0.1323529411764706
/ -0.8620689655172413,0.13793103448275862 0.014492753623188406,-0.9855072463768116 0.13793103448275862,-0.8620689655172413 -0.9855072463768116,0.014492753623188406 0.4117647058823529 1.0
° -0.34782608695652173,0.30434782608695654,-0.34782608695652173 -0.34782608695652173,0.30434782608695654,-0.34782608695652173 -0.34782608695652173,0.30434782608695654,-0.34782608695652173 -0.34782608695652173,0.30434782608695654,-0.34782608695652173 1.0 0.3235294117647059
# -0.4444444444444444,0.1111111111111111,-0.2222222222222222,0.1111111111111111,-0.1111111111111111 -0.3023255813953488,0.09302325581395349,-0.6046511627906976 -0.1111111111111111,0.1111111111111111,-0.2222222222222222,0.1111111111111111,-0.4444444444444444 -0.6046511627906976,0.09302325581395349,-0.3023255813953488 0.8333333333333334 0.6176470588235294
@ -0.4727272727272727,0.2,-0.32727272727272727 -0.3050847457627119,0.1694915254237288,-0.5254237288135594 -0.41818181818181815,0.21818181818181817,-0.36363636363636365 -0.4406779661016949,0.1864406779661017,-0.3728813559322034 0.9310344827586207 0.8529411764705882
' -0.25,0.5,-0.25 -0.1,0.3,-0.6 -0.375,0.25,-0.375 -0.1,0.3,-0.6 0.3684210526315789 0.27941176470588236
§ -0.39285714285714285,0.32142857142857145,-0.2857142857142857 -0.43333333333333335,0.1,-0.4666666666666667 -0.25,0.35714285714285715,-0.39285714285714285 -0.45,0.1,-0.45 0.4576271186440678 0.8676470588235294
- 1.0 1.0 1.0 1.0 4.0 0.07352941176470588
_ 1.0 1.0 1.0 1.0 22.5 0.029411764705882353
* -0.25,0.10714285714285714,-0.2857142857142857,0.10714285714285714,-0.25 -0.44,0.12,-0.44 -0.25,0.10714285714285714,-0.2857142857142857,0.10714285714285714,-0.25 -0.44,0.12,-0.44 1.125 0.35294117647058826
^ -0.42424242424242425,0.15151515151515152,-0.42424242424242425 -0.9565217391304348,0.043478260869565216 0.15151515151515152,-0.696969696969697,0.15151515151515152 -0.9565217391304348,0.043478260869565216 1.4545454545454546 0.3235294117647059
$ -0.47058823529411764,0.058823529411764705,-0.47058823529411764 -0.5846153846153846,0.1076923076923077,-0.3076923076923077 -0.47058823529411764,0.058823529411764705,-0.47058823529411764 -0.6307692307692307,0.07692307692307693,-0.2923076923076923 0.515625 0.9411764705882353
€ -0.4888888888888889,0.2222222222222222,-0.28888888888888886 -0.7307692307692307,0.019230769230769232,-0.25 -0.4666666666666667,0.2222222222222222,-0.3111111111111111 -0.40384615384615385,0.019230769230769232,-0.15384615384615385,0.019230769230769232,-0.40384615384615385 0.8627450980392157 0.75
£ -0.5135135135135135,0.21621621621621623,-0.2702702702702703 -0.8823529411764706,0.11764705882352941 1.0 -0.9019607843137255,0.09803921568627451 0.72 0.7352941176470589
` -0.07142857142857142,0.2857142857142857,-0.6428571428571429 -0.8666666666666667,0.06666666666666667,-0.06666666666666667 -0.8571428571428571,0.07142857142857142,-0.07142857142857142 -0.06666666666666667,0.26666666666666666,-0.6666666666666666 0.9285714285714286 0.20588235294117646
´ -0.6428571428571429,0.2857142857142857,-0.07142857142857142 -0.06666666666666667,0.26666666666666666,-0.6666666666666666 -0.07142857142857142,0.07142857142857142,-0.8571428571428571 -0.8666666666666667,0.06666666666666667,-0.06666666666666667 0.9285714285714286 0.20588235294117646
+ -0.4444444444444444,0.1111111111111111,-0.4444444444444444 -0.4444444444444444,0.1111111111111111,-0.4444444444444444 -0.4444444444444444,0.1111111111111111,-0.4444444444444444 -0.4444444444444444,0.1111111111111111,-0.4444444444444444 1.0 0.5147058823529411
< -0.9696969696969697,0.030303030303030304 0.13157894736842105,-0.7368421052631579,0.13157894736842105 -0.9696969696969697,0.030303030303030304 -0.4473684210526316,0.10526315789473684,-0.4473684210526316 0.8648648648648649 0.5441176470588235
> 0.030303030303030304,-0.9696969696969697 -0.4473684210526316,0.10526315789473684,-0.4473684210526316 0.030303030303030304,-0.9696969696969697 0.13157894736842105,-0.7368421052631579,0.13157894736842105 0.8648648648648649 0.5441176470588235
| 1.0 1.0 1.0 1.0 0.05660377358490566 0.7794117647058824
