A -0.36363636363636365,0.2727272727272727,-0.36363636363636365 -0.8461538461538461,0.15384615384615385 0.18181818181818182,-0.6363636363636364,0.18181818181818182 -0.8461538461538461,0.15384615384615385 0.8333333333333334 1.0
B 0.8,-0.2 -0.15384615384615385,0.23076923076923078,-0.15384615384615385,0.3076923076923077,-0.15384615384615385 0.8,-0.2 1.0 0.75 1.0
C -0.36363636363636365,0.36363636363636365,-0.2727272727272727 -0.15384615384615385,0.15384615384615385,-0.38461538461538464,0.07692307692307693,-0.23076923076923078 -0.36363636363636365,0.36363636363636365,-0.2727272727272727 -0.3076923076923077,0.38461538461538464,-0.3076923076923077 0.8333333333333334 1.0
D 0.7272727272727273,-0.2727272727272727 -0.23076923076923078,0.46153846153846156,-0.3076923076923077 0.7272727272727273,-0.2727272727272727 1.0 0.8333333333333334 1.0
E 1.0 0.15384615384615385,-0.6923076923076923,0.15384615384615385 1.0 1.0 0.75 1.0
F 1.0 0.15384615384615385,-0.8461538461538461 0.2222222222222222,-0.7777777777777778 1.0 0.6666666666666666 1.0
G -0.3333333333333333,0.4166666666666667,-0.25 -0.23076923076923078,0.07692307692307693,-0.15384615384615385,0.38461538461538464,-0.15384615384615385 -0.3333333333333333,0.4166666666666667,-0.25 -0.3076923076923077,0.38461538461538464,-0.3076923076923077 0.9166666666666666 1.0
H 0.18181818181818182,-0.6363636363636364,0.18181818181818182 1.0 0.18181818181818182,-0.6363636363636364,0.18181818181818182 1.0 0.8333333333333334 1.0
I 1.0 1.0 1.0 1.0 0.08333333333333333 1.0
J -0.7142857142857143,0.2857142857142857 0.8461538461538461,-0.15384615384615385 -0.14285714285714285,0.5714285714285714,-0.2857142857142857 -0.6923076923076923,0.23076923076923078,-0.07692307692307693 0.5 1.0
K 0.18181818181818182,-0.45454545454545453,0.2727272727272727,-0.09090909090909091 -0.9230769230769231,0.07692307692307693 0.18181818181818182,-0.5454545454545454,0.2727272727272727 1.0 0.8333333333333334 1.0
L 0.25,-0.75 -0.8461538461538461,0.15384615384615385 1.0 1.0 0.5833333333333334 1.0
M 0.23076923076923078,-0.5384615384615384,0.23076923076923078 1.0 0.15384615384615385,-0.23076923076923078,0.23076923076923078,-0.23076923076923078,0.15384615384615385 1.0 1.0 1.0
N 0.18181818181818182,-0.6363636363636364,0.18181818181818182 1.0 0.18181818181818182,-0.6363636363636364,0.18181818181818182 1.0 0.8333333333333334 1.0
O -0.3333333333333333,0.3333333333333333,-0.3333333333333333 -0.3076923076923077,0.38461538461538464,-0.3076923076923077 -0.3333333333333333,0.3333333333333333,-0.3333333333333333 -0.3076923076923077,0.38461538461538464,-0.3076923076923077 0.9166666666666666 1.0
P 0.8,-0.2 -0.15384615384615385,0.3076923076923077,-0.5384615384615384 0.2,-0.8 1.0 0.75 1.0
Q -0.3333333333333333,0.3333333333333333,-0.3333333333333333 -0.3076923076923077,0.38461538461538464,-0.23076923076923078,0.07692307692307693 -0.3333333333333333,0.3333333333333333,-0.08333333333333333,0.25 -0.3076923076923077,0.38461538461538464,-0.3076923076923077 0.9166666666666666 1.0
R 0.75,-0.25 -0.9230769230769231,0.07692307692307693 0.16666666666666666,-0.5833333333333334,0.25 1.0 0.9166666666666666 1.0
S -0.3,0.5,-0.2 -0.15384615384615385,0.15384615384615385,-0.3076923076923077,0.23076923076923078,-0.15384615384615385 -0.2,0.6,-0.2 -0.15384615384615385,0.23076923076923078,-0.3076923076923077,0.15384615384615385,-0.15384615384615385 0.75 1.0
T 1.0 0.15384615384615385,-0.8461538461538461 -0.4,0.2,-0.4 0.15384615384615385,-0.8461538461538461 0.75 1.0
U 0.18181818181818182,-0.6363636363636364,0.18181818181818182 0.7692307692307693,-0.23076923076923078 -0.2727272727272727,0.45454545454545453,-0.2727272727272727 0.8461538461538461,-0.15384615384615385 0.8333333333333334 1.0
V 0.18181818181818182,-0.6363636363636364,0.18181818181818182 0.15384615384615385,-0.8461538461538461 -0.36363636363636365,0.2727272727272727,-0.36363636363636365 0.15384615384615385,-0.8461538461538461 0.8333333333333334 1.0
W 0.11764705882352941,-0.29411764705882354,0.17647058823529413,-0.29411764705882354,0.11764705882352941 0.15384615384615385,-0.8461538461538461 -0.17647058823529413,0.17647058823529413,-0.29411764705882354,0.17647058823529413,-0.17647058823529413 0.15384615384615385,-0.8461538461538461 1.3333333333333333 1.0
X -0.09090909090909091,0.2727272727272727,-0.2727272727272727,0.2727272727272727,-0.09090909090909091 -0.9230769230769231,0.07692307692307693 0.2727272727272727,-0.45454545454545453,0.2727272727272727 -0.9230769230769231,0.07692307692307693 0.8333333333333334 1.0
Y 0.25,-0.5,0.25 0.07692307692307693,-0.9230769230769231 -0.4166666666666667,0.16666666666666666,-0.4166666666666667 0.07692307692307693,-0.9230769230769231 0.9166666666666666 1.0
Z -0.1,0.9 0.15384615384615385,-0.6923076923076923,0.15384615384615385 1.0 -0.8461538461538461,0.15384615384615385 0.75 1.0
