A -0.4444444444444444,0.2,-0.35555555555555557 -0.6666666666666666,0.05555555555555555,-0.2777777777777778 -0.4222222222222222,0.2,-0.37777777777777777 -0.3333333333333333,0.3148148148148148,-0.35185185185185186 0.8301886792452831 0.9464285714285714
B -0.4375,0.1875,-0.375 -0.5,0.35185185185185186,-0.14814814814814814 -0.4583333333333333,0.16666666666666666,-0.375 -0.37037037037037035,0.25925925925925924,-0.37037037037037035 0.8867924528301887 0.9464285714285714
C -0.3958333333333333,0.16666666666666666,-0.4375 -0.9615384615384616,0.038461538461538464 0.14583333333333334,-0.6875,0.16666666666666666 -0.9615384615384616,0.038461538461538464 0.9215686274509803 0.9107142857142857
D 0.6666666666666666,-0.3333333333333333 -0.6153846153846154,0.19230769230769232,-0.19230769230769232 0.6410256410256411,-0.358974358974359 1.0 0.7450980392156863 0.9107142857142857
E 0.5952380952380952,-0.40476190476190477 -0.3269230769230769,0.3269230769230769,-0.34615384615384615 0.5714285714285714,-0.42857142857142855 1.0 0.803921568627451 0.9107142857142857
F 0.9736842105263158,-0.02631578947368421 -0.8846153846153846,0.11538461538461539 1.0 1.0 0.7254901960784313 0.9107142857142857
G 1.0 0.11538461538461539,-0.8846153846153846 0.2,-0.8 1.0 0.6666666666666666 0.9107142857142857
H 0.175,-0.65,0.175 1.0 0.175,-0.65,0.175 1.0 0.7647058823529411 0.9107142857142857
I 1.0 1.0 1.0 1.0 0.11764705882352941 0.9107142857142857
J -0.7857142857142857,0.21428571428571427 0.8301886792452831,-0.16981132075471697 -0.39285714285714285,0.21428571428571427,-0.39285714285714285 -0.6981132075471698,0.11320754716981132,-0.18867924528301888 0.5192307692307693 0.9285714285714286
K -0.42,0.18,-0.4 -0.4074074074074074,0.18518518518518517,-0.4074074074074074 -0.42,0.16,-0.42 -0.48148148148148145,0.018518518518518517,-0.018518518518518517,0.018518518518518517,-0.46296296296296297 0.9245283018867925 0.9464285714285714
L -0.4,0.2,-0.4 -0.8947368421052632,0.07017543859649122,-0.03508771929824561 -0.94,0.04,-0.02 -0.3684210526315789,0.21052631578947367,-0.42105263157894735 0.875 1.0
M -0.3902439024390244,0.21951219512195122,-0.3902439024390244 -0.6111111111111112,0.18518518518518517,-0.2037037037037037 -0.43902439024390244,0.1951219512195122,-0.36585365853658536 -0.6666666666666666,0.05555555555555555,-0.2777777777777778 0.7547169811320755 0.9464285714285714
N 0.16279069767441862,-0.5813953488372093,0.23255813953488372,-0.023255813953488372 -0.9807692307692307,0.019230769230769232 0.16279069767441862,-0.627906976744186,0.20930232558139536 1.0 0.8235294117647058 0.9107142857142857
O 0.21212121212121213,-0.7878787878787878 -0.8846153846153846,0.11538461538461539 1.0 1.0 0.6274509803921569 0.9107142857142857
P 0.22,-0.58,0.2 1.0 0.14,-0.3,0.12,-0.3,0.14 1.0 0.9607843137254902 0.9107142857142857
Q 0.1951219512195122,-0.6585365853658537,0.14634146341463414 1.0 0.17073170731707318,-0.6585365853658537,0.17073170731707318 1.0 0.7843137254901961 0.9107142857142857
R 0.6923076923076923,-0.3076923076923077 -0.21153846153846154,0.17307692307692307,-0.6153846153846154 0.15384615384615385,-0.8461538461538461 1.0 0.7450980392156863 0.9107142857142857
S 0.6444444444444445,-0.35555555555555557 -0.9615384615384616,0.038461538461538464 0.15555555555555556,-0.6444444444444445,0.2 1.0 0.8627450980392157 0.9107142857142857
T 1.0 0.11538461538461539,-0.8846153846153846 -0.4146341463414634,0.17073170731707318,-0.4146341463414634 0.11538461538461539,-0.8846153846153846 0.7843137254901961 0.9107142857142857
U 0.175,-0.65,0.175 0.7358490566037735,-0.2641509433962264 -0.4,0.2,-0.4 0.7358490566037735,-0.2641509433962264 0.75 0.9285714285714286
V 0.1702127659574468,-0.6808510638297872,0.14893617021276595 0.057692307692307696,-0.9423076923076923 -0.425531914893617,0.1702127659574468,-0.40425531914893614 0.019230769230769232,-0.9807692307692307 0.9019607843137255 0.9107142857142857
W 0.10606060606060606,-0.3333333333333333,0.13636363636363635,-0.3181818181818182,0.10606060606060606 0.057692307692307696,-0.9423076923076923 -0.19696969696969696,0.12121212121212122,-0.36363636363636365,0.10606060606060606,-0.21212121212121213 0.057692307692307696,-0.9423076923076923 1.2745098039215685 0.9107142857142857
X -0.0625,0.16666666666666666,-0.5625,0.16666666666666666,-0.041666666666666664 -0.9807692307692307,0.019230769230769232 0.1875,-0.625,0.1875 -0.9807692307692307,0.019230769230769232 0.9215686274509803 0.9107142857142857
Y 0.19148936170212766,-0.6382978723404256,0.1702127659574468 0.038461538461538464,-0.9615384615384616 -0.425531914893617,0.14893617021276595,-0.425531914893617 0.019230769230769232,-0.9807692307692307 0.9019607843137255 0.9107142857142857
Z -0.07317073170731707,0.9024390243902439,-0.024390243902439025 -0.8846153846153846,0.11538461538461539 1.0 -0.8653846153846154,0.1346153846153846 0.7843137254901961 0.9107142857142857
