a -0.25,0.625,-0.125 -0.1,0.9 -0.125,0.5,-0.125,0.25 -0.2,0.1,-0.2,0.4,-0.1 0.7777777777777778 0.6923076923076923
b 0.25,-0.75 -0.38461538461538464,0.46153846153846156,-0.15384615384615385 0.25,-0.125,0.375,-0.25 1.0 0.5833333333333334 0.9230769230769231
c -0.2857142857142857,0.5714285714285714,-0.14285714285714285 -0.1,0.2,-0.4,0.2,-0.1 -0.2857142857142857,0.5714285714285714,-0.14285714285714285 -0.2,0.6,-0.2 0.6666666666666666 0.6923076923076923
d -0.75,0.25 1.0 -0.25,0.375,-0.125,0.25 -0.38461538461538464,0.46153846153846156,-0.15384615384615385 0.5833333333333334 0.9230769230769231
e -0.25,0.5,-0.25 -0.3,0.3,-0.1,0.1,-0.2 -0.25,0.5,-0.25 -0.2,0.6,-0.2 0.7777777777777778 0.6923076923076923
f -0.3333333333333333,0.6666666666666666 0.15384615384615385,-0.8461538461538461 -0.16666666666666666,0.3333333333333333,-0.5 -0.23076923076923078,0.15384615384615385,-0.6153846153846154 0.4166666666666667 0.9230769230769231
g -0.25,0.375,-0.125,0.25 0.8571428571428571,-0.14285714285714285 -0.125,0.625,-0.25 -0.14285714285714285,0.42857142857142855,-0.21428571428571427,0.14285714285714285,-0.07142857142857142 0.5384615384615384 1.0
h 0.25,-0.75 -0.3076923076923077,0.6923076923076923 0.25,-0.5,0.25 1.0 0.5833333333333334 0.9230769230769231
. 1.0 1.0 1.0 1.0 1.0 0.07692307692307693
i 1.0 1.0 1.0 1.0 0.1111111111111111 0.6923076923076923
. 1.0 1.0 1.0 1.0 1.0 0.07692307692307693
j -0.5,0.5 0.9285714285714286,-0.07142857142857142 0.75,-0.25 -0.8571428571428571,0.14285714285714285 0.23076923076923078 1.0
k 0.25,-0.75 -0.23076923076923078,0.07692307692307693,-0.6153846153846154,0.07692307692307693 0.25,-0.375,0.375 1.0 0.5833333333333334 0.9230769230769231
l 1.0 1.0 1.0 1.0 0.08333333333333333 0.9230769230769231
m 0.16666666666666666,-0.08333333333333333,0.25,-0.16666666666666666,0.25,-0.08333333333333333 -0.1,0.9 0.16666666666666666,-0.25,0.16666666666666666,-0.25,0.16666666666666666 1.0 1.2222222222222223 0.6923076923076923
n 0.25,-0.125,0.5,-0.125 -0.1,0.9 0.25,-0.5,0.25 1.0 0.7777777777777778 0.6923076923076923
o -0.25,0.5,-0.25 -0.2,0.6,-0.2 -0.25,0.5,-0.25 -0.2,0.6,-0.2 0.7777777777777778 0.6923076923076923
p 0.25,-0.125,0.375,-0.25 -0.14285714285714285,0.42857142857142855,-0.42857142857142855 0.25,-0.75 1.0 0.5384615384615384 1.0
q -0.25,0.375,-0.125,0.25 1.0 -0.75,0.25 -0.14285714285714285,0.42857142857142855,-0.42857142857142855 0.5384615384615384 1.0
r 0.4,-0.2,0.4 0.2,-0.8 0.4,-0.6 1.0 0.4444444444444444 0.6923076923076923
s -0.14285714285714285,0.7142857142857143,-0.14285714285714285 -0.1,0.2,-0.3,0.3,-0.1 -0.14285714285714285,0.7142857142857143,-0.14285714285714285 -0.1,0.3,-0.3,0.2,-0.1 0.6666666666666666 0.6923076923076923
t -0.25,0.5,-0.25 -0.23076923076923078,0.15384615384615385,-0.46153846153846156,0.15384615384615385 -0.25,0.75 -0.23076923076923078,0.15384615384615385,-0.6153846153846154 0.25 0.9230769230769231
u 0.25,-0.5,0.25 1.0 -0.125,0.5,-0.125,0.25 0.9,-0.1 0.7777777777777778 0.6923076923076923
v 0.2222222222222222,-0.5555555555555556,0.2222222222222222 0.2,-0.8 -0.4444444444444444,0.1111111111111111,-0.4444444444444444 0.2,-0.8 0.8888888888888888 0.6923076923076923
w 0.15384615384615385,-0.3076923076923077,0.07692307692307693,-0.3076923076923077,0.15384615384615385 0.3,-0.7 -0.23076923076923078,0.15384615384615385,-0.23076923076923078,0.15384615384615385,-0.23076923076923078 0.3,-0.7 1.3333333333333333 0.6923076923076923
x 0.25,-0.5,0.25 0.1,-0.8,0.1 0.25,-0.5,0.25 0.1,-0.8,0.1 0.7777777777777778 0.6923076923076923
y 0.2222222222222222,-0.5555555555555556,0.2222222222222222 0.14285714285714285,-0.8571428571428571 -0.1111111111111111,0.3333333333333333,-0.5555555555555556 0.14285714285714285,-0.8571428571428571 0.6153846153846154 1.0
z 1.0 0.3,-0.5,0.2 1.0 0.2,-0.5,0.3 0.7777777777777778 0.6923076923076923
