### Filename
### ref/Helvetica/capitals-generated.png-ref.txt
A -0.45454545454545453,0.13636363636363635,-0.4090909090909091 -0.9615384615384616,0.038461538461538464 0.1590909090909091,-0.7045454545454546,0.13636363636363635 -0.9807692307692307,0.019230769230769232 0.8431372549019608 0.9272727272727272
B 0.7,-0.3 -0.6153846153846154,0.15384615384615385,-0.23076923076923078 0.675,-0.325 1.0 0.7647058823529411 0.9272727272727272
C -0.41304347826086957,0.2391304347826087,-0.34782608695652173 -0.25925925925925924,0.05555555555555555,-0.3148148148148148,0.05555555555555555,-0.3148148148148148 -0.391304347826087,0.2391304347826087,-0.3695652173913043 -0.37037037037037035,0.24074074074074073,-0.3888888888888889 0.8490566037735849 0.9636363636363636
D 0.6190476190476191,-0.38095238095238093 -0.36538461538461536,0.23076923076923078,-0.40384615384615385 0.5952380952380952,-0.40476190476190477 1.0 0.803921568627451 0.9272727272727272
E 1.0 0.09615384615384616,-0.8076923076923077,0.09615384615384616 1.0 1.0 0.7254901960784313 0.9272727272727272
F 1.0 0.09615384615384616,-0.9038461538461539 0.16666666666666666,-0.8333333333333334 1.0 0.6862745098039216 0.9272727272727272
G -0.40425531914893614,0.23404255319148937,-0.3617021276595745 -0.2777777777777778,0.037037037037037035,-0.14814814814814814,0.5185185185185185,-0.018518518518518517 -0.3829787234042553,0.23404255319148937,-0.3829787234042553 -0.3888888888888889,0.24074074074074073,-0.37037037037037035 0.8679245283018868 0.9636363636363636
H 0.14634146341463414,-0.7073170731707317,0.14634146341463414 1.0 0.14634146341463414,-0.7073170731707317,0.14634146341463414 1.0 0.7843137254901961 0.9272727272727272
I 1.0 1.0 1.0 1.0 0.11764705882352941 0.9272727272727272
J -0.8,0.2 0.7924528301886793,-0.20754716981132076 -0.3333333333333333,0.3,-0.36666666666666664 -0.660377358490566,0.16981132075471697,-0.16981132075471697 0.5576923076923077 0.9454545454545454
K 0.14634146341463414,-0.6585365853658537,0.1951219512195122 0.019230769230769232,-0.9807692307692307 0.14634146341463414,-0.6585365853658537,0.17073170731707318,-0.024390243902439025 1.0 0.7843137254901961 0.9272727272727272
L 0.18181818181818182,-0.8181818181818182 -0.9038461538461539,0.09615384615384616 1.0 1.0 0.6274509803921569 0.9272727272727272
M 0.20408163265306123,-0.5918367346938775,0.20408163265306123 1.0 0.12244897959183673,-0.30612244897959184,0.14285714285714285,-0.30612244897959184,0.12244897959183673 1.0 0.9411764705882353 0.9272727272727272
N 0.1951219512195122,-0.6585365853658537,0.14634146341463414 1.0 0.14634146341463414,-0.6585365853658537,0.1951219512195122 1.0 0.7843137254901961 0.9272727272727272
O -0.38,0.24,-0.38 -0.37037037037037035,0.2222222222222222,-0.4074074074074074 -0.38,0.22,-0.4 -0.3888888888888889,0.2222222222222222,-0.3888888888888889 0.9245283018867925 0.9636363636363636
P 0.7368421052631579,-0.2631578947368421 -0.19230769230769232,0.17307692307692307,-0.6346153846153846 0.15789473684210525,-0.8421052631578947 1.0 0.7254901960784313 0.9272727272727272
Q -0.38,0.24,-0.38 -0.35714285714285715,0.23214285714285715,-0.3392857142857143,0.017857142857142856,-0.05357142857142857 -0.92,0.02,-0.06 -0.375,0.21428571428571427,-0.4107142857142857 0.8909090909090909 1.0
R 0.6904761904761905,-0.30952380952380953 -0.9807692307692307,0.019230769230769232 0.14285714285714285,-0.6666666666666666,0.19047619047619047 1.0 0.803921568627451 0.9272727272727272
S -0.34146341463414637,0.2926829268292683,-0.36585365853658536 -0.6296296296296297,0.14814814814814814,-0.2222222222222222 -0.36585365853658536,0.2682926829268293,-0.36585365853658536 -0.6666666666666666,0.09259259259259259,-0.24074074074074073 0.7547169811320755 0.9636363636363636
T 1.0 0.09615384615384616,-0.9038461538461539 -0.425,0.15,-0.425 0.09615384615384616,-0.9038461538461539 0.7647058823529411 0.9272727272727272
U 0.14634146341463414,-0.7073170731707317,0.14634146341463414 0.6792452830188679,-0.32075471698113206 -0.36585365853658536,0.2682926829268293,-0.36585365853658536 0.6792452830188679,-0.32075471698113206 0.7692307692307693 0.9454545454545454
V 0.13333333333333333,-0.7333333333333333,0.13333333333333333 0.057692307692307696,-0.9423076923076923 -0.4,0.17777777777777778,-0.4222222222222222 0.057692307692307696,-0.9423076923076923 0.8627450980392157 0.9272727272727272
W 0.09230769230769231,-0.35384615384615387,0.1076923076923077,-0.35384615384615387,0.09230769230769231 0.07692307692307693,-0.9230769230769231 -0.2,0.1076923076923077,-0.38461538461538464,0.1076923076923077,-0.2 0.07692307692307693,-0.9230769230769231 1.2549019607843137 0.9272727272727272
X -0.047619047619047616,0.16666666666666666,-0.5952380952380952,0.16666666666666666,-0.023809523809523808 -0.9807692307692307,0.019230769230769232 0.16666666666666666,-0.6666666666666666,0.16666666666666666 -0.9807692307692307,0.019230769230769232 0.803921568627451 0.9272727272727272
Y 0.16666666666666666,-0.6666666666666666,0.16666666666666666 0.019230769230769232,-0.9807692307692307 -0.42857142857142855,0.14285714285714285,-0.42857142857142855 0.019230769230769232,-0.9807692307692307 0.803921568627451 0.9272727272727272
Z -0.04878048780487805,0.9512195121951219 0.11538461538461539,-0.7884615384615384,0.09615384615384616 1.0 -0.9038461538461539,0.09615384615384616 0.7843137254901961 0.9272727272727272
