### Filename
### ref/Helvetica/letters-generated.png-ref.txt
a -0.34285714285714286,0.2857142857142857,-0.37142857142857144 -0.875,0.1,-0.025 -0.22857142857142856,0.22857142857142856,-0.34285714285714286,0.17142857142857143,-0.02857142857142857 -0.625,0.175,-0.2 0.8717948717948718 0.7222222222222222
b 0.18181818181818182,-0.8181818181818182 -0.49056603773584906,0.22641509433962265,-0.2830188679245283 -0.3939393939393939,0.24242424242424243,-0.36363636363636365 0.9811320754716981,-0.018867924528301886 0.6153846153846154 0.9629629629629629
c -0.40625,0.28125,-0.3125 -0.275,0.075,-0.3,0.075,-0.275 -0.375,0.28125,-0.34375 -0.375,0.275,-0.35 0.7948717948717948 0.7222222222222222
d -0.8181818181818182,0.18181818181818182 0.9811320754716981,-0.018867924528301886 -0.36363636363636365,0.21212121212121213,-0.42424242424242425 -0.5283018867924528,0.20754716981132076,-0.2641509433962264 0.6153846153846154 0.9629629629629629
e -0.38235294117647056,0.2647058823529412,-0.35294117647058826 -0.35,0.2,-0.45 -0.35294117647058826,0.2647058823529412,-0.38235294117647056 -0.375,0.275,-0.35 0.8461538461538461 0.7222222222222222
f -0.6111111111111112,0.3888888888888889 0.09615384615384616,-0.17307692307692307,0.09615384615384616,-0.6346153846153846 -0.2777777777777778,0.3333333333333333,-0.3888888888888889 -0.2692307692307692,0.09615384615384616,-0.6346153846153846 0.3333333333333333 0.9444444444444444
g -0.36363636363636365,0.24242424242424243,-0.3939393939393939 -0.01818181818181818,0.7454545454545455,-0.23636363636363636 -0.3333333333333333,0.30303030303030304,-0.36363636363636365 -0.2545454545454545,0.21818181818181817,-0.5272727272727272 0.5925925925925926 1.0
h 0.1935483870967742,-0.8064516129032258 -0.4230769230769231,0.5769230769230769 0.1935483870967742,-0.6129032258064516,0.1935483870967742 1.0 0.5882352941176471 0.9444444444444444
. 1.0 1.0 1.0 1.0 1.0 0.09259259259259259
i 1.0 1.0 1.0 1.0 0.13513513513513514 0.6851851851851852
. 1.0 1.0 1.0 1.0 0.8333333333333334 0.1111111111111111
j -0.5,0.5 0.9056603773584906,-0.09433962264150944 0.5833333333333334,-0.4166666666666667 -0.8867924528301887,0.11320754716981132 0.21153846153846154 0.9629629629629629
k 0.20689655172413793,-0.7931034482758621 -0.2692307692307692,0.019230769230769232,-0.6730769230769231,0.038461538461538464 0.20689655172413793,-0.5517241379310345,0.2413793103448276 1.0 0.5490196078431373 0.9444444444444444
l 1.0 1.0 1.0 1.0 0.09803921568627451 0.9444444444444444
m -0.26,0.16,-0.26,0.16,-0.16 -0.20512820512820512,0.7948717948717948 0.12,-0.32,0.12,-0.32,0.12 -0.02564102564102564,0.9743589743589743 1.2894736842105263 0.7037037037037037
n -0.45161290322580644,0.2903225806451613,-0.25806451612903225 -0.23076923076923078,0.7692307692307693 0.1935483870967742,-0.6129032258064516,0.1935483870967742 -0.02564102564102564,0.9743589743589743 0.7894736842105263 0.7037037037037037
o -0.37142857142857144,0.2571428571428571,-0.37142857142857144 -0.35,0.275,-0.375 -0.34285714285714286,0.2857142857142857,-0.37142857142857144 -0.375,0.275,-0.35 0.8717948717948718 0.7222222222222222
p -0.42424242424242425,0.21212121212121213,-0.36363636363636365 -0.24074074074074073,0.2222222222222222,-0.5370370370370371 0.18181818181818182,-0.8181818181818182 -0.018518518518518517,0.9814814814814815 0.6037735849056604 0.9814814814814815
q -0.36363636363636365,0.24242424242424243,-0.3939393939393939 -0.018518518518518517,0.9814814814814815 -0.8181818181818182,0.18181818181818182 -0.2777777777777778,0.2037037037037037,-0.5185185185185185 0.6037735849056604 0.9814814814814815
r -0.7222222222222222,0.2777777777777778 0.15384615384615385,-0.8461538461538461 0.3333333333333333,-0.6666666666666666 -0.02564102564102564,0.9743589743589743 0.4473684210526316 0.7037037037037037
s -0.3548387096774194,0.2903225806451613,-0.3548387096774194 -0.6,0.175,-0.225 -0.3225806451612903,0.3548387096774194,-0.3225806451612903 -0.675,0.075,-0.25 0.7692307692307693 0.7222222222222222
t -0.2777777777777778,0.3333333333333333,-0.3888888888888889 -0.22,0.1,-0.56,0.1,-0.02 -0.5,0.4444444444444444,-0.05555555555555555 -0.22,0.1,-0.68 0.3469387755102041 0.9074074074074074
u 0.1935483870967742,-0.6129032258064516,0.1935483870967742 0.9743589743589743,-0.02564102564102564 -0.25806451612903225,0.2903225806451613,-0.45161290322580644 0.7948717948717948,-0.20512820512820512 0.7894736842105263 0.7037037037037037
v 0.21212121212121213,-0.6060606060606061,0.18181818181818182 0.07894736842105263,-0.9210526315789473 -0.3939393939393939,0.21212121212121213,-0.3939393939393939 0.07894736842105263,-0.9210526315789473 0.8648648648648649 0.6851851851851852
w 0.14285714285714285,-0.2857142857142857,0.14285714285714285,-0.30612244897959184,0.12244897959183673 0.07894736842105263,-0.9210526315789473 -0.20408163265306123,0.14285714285714285,-0.30612244897959184,0.14285714285714285,-0.20408163265306123 0.10526315789473684,-0.8947368421052632 1.2972972972972974 0.6851851851851852
x 0.2647058823529412,-0.47058823529411764,0.23529411764705882,-0.029411764705882353 -0.9736842105263158,0.02631578947368421 0.23529411764705882,-0.5,0.2647058823529412 0.02631578947368421,-0.9210526315789473,0.05263157894736842 0.8918918918918919 0.6851851851851852
y 0.21212121212121213,-0.5757575757575758,0.21212121212121213 0.05660377358490566,-0.9433962264150944 -0.06060606060606061,0.24242424242424243,-0.696969696969697 0.05660377358490566,-0.9433962264150944 0.6153846153846154 0.9629629629629629
z -0.06451612903225806,0.9032258064516129,-0.03225806451612903 -0.868421052631579,0.13157894736842105 1.0 -0.868421052631579,0.13157894736842105 0.8108108108108109 0.6851851851851852
