### Filename
### ref/Helvetica/symbols-generated.png-ref.txt
( -0.75,0.25 0.015151515151515152,-0.9696969696969697,0.015151515151515152 -0.75,0.25 -0.3939393939393939,0.21212121212121213,-0.3939393939393939 0.23076923076923078 0.9848484848484849
) 0.25,-0.75 -0.3939393939393939,0.21212121212121213,-0.3939393939393939 0.25,-0.75 0.015151515151515152,-0.9696969696969697,0.015151515151515152 0.23076923076923078 0.9848484848484849
[ 1.0 0.07575757575757576,-0.8484848484848485,0.07575757575757576 1.0 1.0 0.16923076923076924 0.9848484848484849
] 1.0 1.0 1.0 0.07575757575757576,-0.8484848484848485,0.07575757575757576 0.16923076923076924 0.9848484848484849
, 1.0 0.6470588235294118,-0.35294117647058826 0.3333333333333333,-0.6666666666666666 0.35294117647058826,-0.47058823529411764,0.17647058823529413 0.3125 0.24242424242424243
. 1.0 1.0 1.0 1.0 1.0 0.07575757575757576
/ -0.7142857142857143,0.2857142857142857 0.019230769230769232,-0.9807692307692307 0.23809523809523808,-0.7619047619047619 -0.9423076923076923,0.057692307692307696 0.39215686274509803 0.7727272727272727
° -0.3333333333333333,0.3333333333333333,-0.3333333333333333 -0.3333333333333333,0.3333333333333333,-0.3333333333333333 -0.3333333333333333,0.3333333333333333,-0.3333333333333333 -0.3333333333333333,0.3333333333333333,-0.3333333333333333 1.0 0.30303030303030304
# -0.45,0.125,-0.2,0.125,-0.1 -0.3269230769230769,0.038461538461538464,-0.6346153846153846 -0.1,0.125,-0.2,0.125,-0.45 -0.6730769230769231,0.038461538461538464,-0.28846153846153844 0.7647058823529411 0.7727272727272727
@ -0.42105263157894735,0.22807017543859648,-0.3508771929824561 -0.3148148148148148,0.18518518518518517,-0.5 -0.40350877192982454,0.21052631578947367,-0.38596491228070173 -0.42592592592592593,0.18518518518518517,-0.3888888888888889 1.0566037735849056 0.803030303030303
' 1.0 0.45,-0.55 -0.16666666666666666,0.6666666666666666,-0.16666666666666666 0.45,-0.55 0.2631578947368421 0.2878787878787879
§ -0.38235294117647056,0.2647058823529412,-0.35294117647058826 -0.47761194029850745,0.1044776119402985,-0.417910447761194 -0.35294117647058826,0.2647058823529412,-0.38235294117647056 -0.40298507462686567,0.08955223880597014,-0.5074626865671642 0.5 1.0
- 1.0 1.0 1.0 1.0 3.4 0.07575757575757576
_ 1.0 1.0 1.0 1.0 19.5 0.030303030303030304
* -0.4090909090909091,0.18181818181818182,-0.4090909090909091 -0.4,0.05,-0.55 -0.18181818181818182,0.13636363636363635,-0.36363636363636365,0.13636363636363635,-0.18181818181818182 -0.4,0.05,-0.55 1.105263157894737 0.2878787878787879
^ -0.41379310344827586,0.1724137931034483,-0.41379310344827586 -0.9333333333333333,0.06666666666666667 0.1724137931034483,-0.6551724137931034,0.1724137931034483 -0.9333333333333333,0.06666666666666667 0.9655172413793104 0.4393939393939394
$ -0.45714285714285713,0.08571428571428572,-0.45714285714285713 -0.578125,0.140625,-0.28125 -0.45714285714285713,0.08571428571428572,-0.45714285714285713 -0.625,0.078125,-0.296875 0.5396825396825397 0.9545454545454546
€ -0.5217391304347826,0.1956521739130435,-0.2826086956521739 -0.25925925925925924,0.05555555555555555,-0.3148148148148148,0.09259259259259259,-0.2777777777777778 -0.5,0.1956521739130435,-0.30434782608695654 -0.3888888888888889,0.05555555555555555,-0.14814814814814814,0.05555555555555555,-0.35185185185185186 0.8490566037735849 0.803030303030303
£ -0.3783783783783784,0.2702702702702703,-0.35135135135135137 -0.9245283018867925,0.018867924528301886,-0.05660377358490566 -0.08108108108108109,0.02702702702702703,-0.5405405405405406,0.1891891891891892,-0.16216216216216217 -0.4716981132075472,0.05660377358490566,-0.4716981132075472 0.6923076923076923 0.7878787878787878
` 0.5384615384615384,-0.46153846153846156 -0.8,0.2 -0.6153846153846154,0.38461538461538464 0.1,-0.9 1.3333333333333333 0.13636363636363635
´ -0.42857142857142855,0.5714285714285714 0.1,-0.9 0.35714285714285715,-0.6428571428571429 -0.9,0.1 1.4444444444444444 0.13636363636363635
+ -0.42857142857142855,0.14285714285714285,-0.42857142857142855 -0.42857142857142855,0.14285714285714285,-0.42857142857142855 -0.42857142857142855,0.14285714285714285,-0.42857142857142855 -0.42857142857142855,0.14285714285714285,-0.42857142857142855 1.0 0.5151515151515151
< -0.975609756097561,0.024390243902439025 0.15789473684210525,-0.6842105263157895,0.15789473684210525 -0.975609756097561,0.024390243902439025 -0.42105263157894735,0.15789473684210525,-0.42105263157894735 1.0810810810810811 0.5606060606060606
> 0.024390243902439025,-0.975609756097561 -0.4473684210526316,0.10526315789473684,-0.4473684210526316 0.024390243902439025,-0.975609756097561 0.15789473684210525,-0.6842105263157895,0.15789473684210525 1.0810810810810811 0.5606060606060606
| 1.0 1.0 1.0 1.0 0.0784313725490196 0.7727272727272727
