A -0.3333333333333333,0.3333333333333333,-0.3333333333333333 -0.9230769230769231,0.07692307692307693 0.26666666666666666,-0.4666666666666667,0.26666666666666666 -0.9230769230769231,0.07692307692307693 1.1666666666666667 0.9230769230769231
B 0.8181818181818182,-0.18181818181818182 -0.6153846153846154,0.23076923076923078,-0.15384615384615385 0.8181818181818182,-0.18181818181818182 1.0 0.8333333333333334 0.9230769230769231
C -0.2727272727272727,0.45454545454545453,-0.2727272727272727 -0.23076923076923078,0.07692307692307693,-0.3076923076923077,0.15384615384615385,-0.23076923076923078 -0.2727272727272727,0.45454545454545453,-0.2727272727272727 -0.23076923076923078,0.5384615384615384,-0.23076923076923078 0.8333333333333334 0.9230769230769231
D 0.7272727272727273,-0.2727272727272727 -0.23076923076923078,0.5384615384615384,-0.23076923076923078 0.7272727272727273,-0.2727272727272727 1.0 0.8333333333333334 0.9230769230769231
E 1.0 0.23076923076923078,-0.5384615384615384,0.23076923076923078 1.0 1.0 0.75 0.9230769230769231
F 1.0 0.23076923076923078,-0.7692307692307693 0.4444444444444444,-0.5555555555555556 1.0 0.6666666666666666 0.9230769230769231
G -0.25,0.5833333333333334,-0.16666666666666666 -0.15384615384615385,0.15384615384615385,-0.07692307692307693,0.46153846153846156,-0.15384615384615385 -0.25,0.5,-0.25 -0.3076923076923077,0.38461538461538464,-0.3076923076923077 0.9166666666666666 0.9230769230769231
H 0.3333333333333333,-0.3333333333333333,0.3333333333333333 1.0 0.3333333333333333,-0.3333333333333333,0.3333333333333333 1.0 0.9166666666666666 0.9230769230769231
I 1.0 1.0 1.0 1.0 0.25 0.9230769230769231
J -0.6,0.4 0.8461538461538461,-0.15384615384615385 -0.2,0.6,-0.2 -0.6153846153846154,0.23076923076923078,-0.15384615384615385 0.75 0.9230769230769231
K 0.2857142857142857,-0.35714285714285715,0.35714285714285715 0.07692307692307693,-0.8461538461538461,0.07692307692307693 0.2857142857142857,-0.35714285714285715,0.35714285714285715 1.0 1.0833333333333333 0.9230769230769231
L 0.4444444444444444,-0.5555555555555556 -0.7692307692307693,0.23076923076923078 1.0 1.0 0.6666666666666666 0.9230769230769231
M 0.35714285714285715,-0.2857142857142857,0.35714285714285715 1.0 0.21428571428571427,-0.21428571428571427,0.14285714285714285,-0.21428571428571427,0.21428571428571427 1.0 1.0833333333333333 0.9230769230769231
N 0.25,-0.5,0.25 1.0 0.25,-0.5,0.25 1.0 0.9166666666666666 0.9230769230769231
O -0.25,0.5,-0.25 -0.3076923076923077,0.38461538461538464,-0.3076923076923077 -0.25,0.5,-0.25 -0.3076923076923077,0.38461538461538464,-0.3076923076923077 0.9166666666666666 0.9230769230769231
P 0.8,-0.2 -0.15384615384615385,0.38461538461538464,-0.46153846153846156 0.4,-0.6 1.0 0.75 0.9230769230769231
Q -0.25,0.5,-0.25 -0.21428571428571427,0.42857142857142855,-0.21428571428571427,0.14285714285714285 -0.8333333333333334,0.16666666666666666 -0.2857142857142857,0.42857142857142855,-0.2857142857142857 0.8461538461538461 1.0
R 0.75,-0.25 -0.9230769230769231,0.07692307692307693 0.3333333333333333,-0.25,0.4166666666666667 1.0 0.9166666666666666 0.9230769230769231
S -0.2,0.6,-0.2 -0.15384615384615385,0.15384615384615385,-0.23076923076923078,0.3076923076923077,-0.15384615384615385 -0.2,0.6,-0.2 -0.15384615384615385,0.23076923076923078,-0.3076923076923077,0.15384615384615385,-0.15384615384615385 0.75 0.9230769230769231
T 1.0 0.23076923076923078,-0.7692307692307693 -0.3333333333333333,0.3333333333333333,-0.3333333333333333 0.23076923076923078,-0.7692307692307693 0.9166666666666666 0.9230769230769231
U 0.3333333333333333,-0.3333333333333333,0.3333333333333333 0.7692307692307693,-0.23076923076923078 -0.25,0.5,-0.25 0.7692307692307693,-0.23076923076923078 0.9166666666666666 0.9230769230769231
V 0.3076923076923077,-0.38461538461538464,0.3076923076923077 0.07692307692307693,-0.9230769230769231 -0.3076923076923077,0.38461538461538464,-0.3076923076923077 0.07692307692307693,-0.9230769230769231 1.0 0.9230769230769231
W 0.21052631578947367,-0.21052631578947367,0.15789473684210525,-0.21052631578947367,0.21052631578947367 0.15384615384615385,-0.8461538461538461 -0.15789473684210525,0.21052631578947367,-0.2631578947368421,0.21052631578947367,-0.15789473684210525 0.15384615384615385,-0.8461538461538461 1.5 0.9230769230769231
X 0.3076923076923077,-0.38461538461538464,0.3076923076923077 0.07692307692307693,-0.8461538461538461,0.07692307692307693 0.3076923076923077,-0.38461538461538464,0.3076923076923077 0.07692307692307693,-0.8461538461538461,0.07692307692307693 1.0 0.9230769230769231
Y 0.35714285714285715,-0.2857142857142857,0.35714285714285715 0.07692307692307693,-0.9230769230769231 -0.35714285714285715,0.2857142857142857,-0.35714285714285715 0.07692307692307693,-0.9230769230769231 1.0833333333333333 0.9230769230769231
Z -0.1,0.9 0.23076923076923078,-0.5384615384615384,0.23076923076923078 1.0 -0.7692307692307693,0.23076923076923078 0.75 0.9230769230769231
