### Filename
### ref/Arial-black/letters-generated.png-ref.txt
a -0.32558139534883723,0.3488372093023256,-0.32558139534883723 -0.9487179487179487,0.02564102564102564,-0.02564102564102564 -0.20930232558139536,0.20930232558139536,-0.5813953488372093 -0.6410256410256411,0.1794871794871795,-0.1794871794871795 -0.13953488372093023,0.813953488372093,-0.046511627906976744 0.2564102564102564,-0.15384615384615385,0.1794871794871795,-0.15384615384615385,0.23076923076923078,-0.02564102564102564 1.105263157894737 0.7307692307692307 1.5018796992481203
b 0.34146341463414637,-0.6585365853658537 -0.5094339622641509,0.22641509433962265,-0.2641509433962264 -0.5121951219512195,0.1951219512195122,-0.2926829268292683 0.9811320754716981,-0.018867924528301886 0.3902439024390244,-0.21951219512195122,0.36585365853658536,-0.024390243902439025 -0.2641509433962264,0.2830188679245283,-0.16981132075471697,0.2830188679245283 0.7692307692307693 1.0 1.3663461538461539
c -0.3488372093023256,0.3023255813953488,-0.3488372093023256 -0.6410256410256411,0.05128205128205128,-0.3076923076923077 -0.37209302325581395,0.3023255813953488,-0.32558139534883723 -0.358974358974359,0.28205128205128205,-0.358974358974359 0.32558139534883723,-0.6744186046511628 0.2564102564102564,-0.48717948717948717,0.2564102564102564 1.105263157894737 0.7307692307692307 1.25062656641604
d -0.6585365853658537,0.34146341463414637 0.9811320754716981,-0.018867924528301886 -0.2926829268292683,0.1951219512195122,-0.5121951219512195 -0.5283018867924528,0.20754716981132076,-0.2641509433962264 -0.024390243902439025,0.36585365853658536,-0.21951219512195122,0.3902439024390244 -0.33962264150943394,0.20754716981132076,-0.16981132075471697,0.20754716981132076,-0.07547169811320754 0.7692307692307693 1.0 1.3663461538461539
e -0.37209302325581395,0.2558139534883721,-0.37209302325581395 -0.38461538461538464,0.20512820512820512,-0.41025641025641024 -0.3488372093023256,0.3023255813953488,-0.3488372093023256 -0.38461538461538464,0.23076923076923078,-0.38461538461538464 1.0 0.2564102564102564,-0.15384615384615385,0.1794871794871795,-0.15384615384615385,0.2564102564102564 1.105263157894737 0.7307692307692307 1.4718045112781954
f -0.4482758620689655,0.41379310344827586,-0.13793103448275862 -0.018867924528301886,0.05660377358490566,-0.9245283018867925 -0.1724137931034483,0.4827586206896552,-0.3448275862068966 -0.3018867924528302,0.18867924528301888,-0.5094339622641509 -0.1724137931034483,0.4827586206896552,-0.3448275862068966 -0.018867924528301886,0.16981132075471697,-0.8113207547169812 0.5384615384615384 1.0 1.26510989010989
g -0.2682926829268293,0.21951219512195122,-0.5121951219512195 -0.018867924528301886,0.7735849056603774,-0.20754716981132076 -0.3170731707317073,0.34146341463414637,-0.34146341463414637 -0.22641509433962265,0.20754716981132076,-0.5660377358490566 -0.04878048780487805,0.9512195121951219 -0.07547169811320754,0.18867924528301888,-0.1509433962264151,0.16981132075471697,-0.16981132075471697,0.24528301886792453 0.7692307692307693 1.0 1.5548076923076923
h 0.35,-0.65 -0.4423076923076923,0.5576923076923077 0.35,-0.3,0.35 1.0 0.45,-0.125,0.425 -0.2692307692307692,0.2692307692307692,-0.46153846153846156 0.7647058823529411 0.9807692307692307 1.3554550025138261
. 1.0 1.0 1.0 1.0 1.0 1.0 1.4444444444444444 0.17307692307692307 2.2905982905982905
i 1.0 1.0 1.0 1.0 1.0 -1.0 0.3611111111111111 0.6923076923076923 2.1880341880341883
. 1.0 1.0 1.0 1.0 1.0 1.0 1.4444444444444444 0.17307692307692307 2.2905982905982905
j -0.36363636363636365,0.6363636363636364 0.8461538461538461,-0.15384615384615385 -0.18181818181818182,0.45454545454545453,-0.36363636363636365 -0.9230769230769231,0.057692307692307696,-0.019230769230769232 -0.36363636363636365,0.6363636363636364 -1.0 0.4117647058823529 0.9807692307692307 1.4472455648926237
k 0.3181818181818182,-0.6818181818181818 -0.9807692307692307,0.019230769230769232 0.3181818181818182,-0.3181818181818182,0.36363636363636365 1.0 0.3181818181818182,-0.022727272727272728,0.38636363636363635,-0.2727272727272727 -0.28846153846153844,0.6346153846153846,-0.07692307692307693 0.8431372549019608 0.9807692307692307 1.2421340629274966
l 1.0 1.0 1.0 1.0 1.0 -1.0 0.2549019607843137 0.9807692307692307 2.1779788838612366
m -0.34375,0.140625,-0.25,0.125,-0.140625 -0.2631578947368421,0.7368421052631579 0.21875,-0.171875,0.21875,-0.171875,0.21875 -0.02631578947368421,0.9736842105263158 0.21875,-0.171875,0.21875,-0.171875,0.21875 -0.05263157894736842,0.23684210526315788,-0.7105263157894737 1.7027027027027026 0.7115384615384616 1.495924495924496
n -0.55,0.225,-0.225 -0.23684210526315788,0.7631578947368421 0.35,-0.3,0.35 -0.02631578947368421,0.9736842105263158 0.35,-0.3,0.35 -0.05263157894736842,0.23684210526315788,-0.7105263157894737 1.054054054054054 0.7115384615384616 1.571032571032571
o -0.38095238095238093,0.23809523809523808,-0.38095238095238093 -0.38461538461538464,0.23076923076923078,-0.38461538461538464 -0.38095238095238093,0.23809523809523808,-0.38095238095238093 -0.38461538461538464,0.23076923076923078,-0.38461538461538464 0.3333333333333333,-0.3333333333333333,0.3333333333333333 0.2564102564102564,-0.48717948717948717,0.2564102564102564 1.0789473684210527 0.7307692307692307 1.394736842105263
p -0.5121951219512195,0.1951219512195122,-0.2926829268292683 -0.2692307692307692,0.21153846153846154,-0.5192307692307693 0.34146341463414637,-0.6585365853658537 -0.019230769230769232,0.9807692307692307 0.36585365853658536,-0.2682926829268293,0.34146341463414637,-0.024390243902439025 0.25,-0.25,0.25,-0.25 0.7843137254901961 0.9807692307692307 1.3784313725490196
q -0.2926829268292683,0.1951219512195122,-0.5121951219512195 -0.019230769230769232,0.9807692307692307 -0.6585365853658537,0.34146341463414637 -0.2692307692307692,0.23076923076923078,-0.5 0.36585365853658536,-0.2682926829268293,0.36585365853658536 -0.057692307692307696,0.19230769230769232,-0.25,0.19230769230769232,-0.3076923076923077 0.7843137254901961 0.9807692307692307 1.378921568627451
r -0.6551724137931034,0.20689655172413793,-0.13793103448275862 -0.05263157894736842,0.02631578947368421,-0.9210526315789473 0.4827586206896552,-0.5172413793103449 -0.02631578947368421,0.9736842105263158 0.4827586206896552,-0.5172413793103449 -0.02631578947368421,0.2631578947368421,-0.7105263157894737 0.7567567567567568 0.7115384615384616 1.2664092664092663
s -0.34146341463414637,0.36585365853658536,-0.2926829268292683 -0.5897435897435898,0.15384615384615385,-0.2564102564102564 -0.3170731707317073,0.36585365853658536,-0.3170731707317073 -0.6923076923076923,0.05128205128205128,-0.2564102564102564 -0.14634146341463414,0.7804878048780488,-0.07317073170731707 0.20512820512820512,-0.15384615384615385,0.2564102564102564,-0.1794871794871795,0.20512820512820512 1.0526315789473684 0.7307692307692307 1.3842105263157896
t -0.6666666666666666,0.037037037037037035,-0.2962962962962963 -0.2830188679245283,0.18867924528301888,-0.41509433962264153,0.09433962264150944,-0.018867924528301886 -0.4444444444444444,0.4444444444444444,-0.1111111111111111 -0.2830188679245283,0.18867924528301888,-0.5283018867924528 -0.18518518518518517,0.5185185185185185,-0.2962962962962963 -0.2830188679245283,0.18867924528301888,-0.41509433962264153,0.09433962264150944,-0.018867924528301886 0.5 1.0 1.2736686390532543
u 0.35,-0.3,0.35 0.9736842105263158,-0.02631578947368421 -0.225,0.225,-0.55 0.7631578947368421,-0.23684210526315788 0.35,-0.3,0.35 -0.7105263157894737,0.2631578947368421,-0.02631578947368421 1.054054054054054 0.7115384615384616 1.5717255717255718
v 0.3409090909090909,-0.3181818181818182,0.3409090909090909 0.02702702702702703,-0.972972972972973 -0.36363636363636365,0.29545454545454547,-0.3409090909090909 0.02702702702702703,-0.972972972972973 -0.18181818181818182,0.29545454545454547,-0.06818181818181818,0.2727272727272727,-0.18181818181818182 -0.2972972972972973,0.7027027027027027 1.1944444444444444 0.6923076923076923 1.1395348837209303
w 0.20588235294117646,-0.19117647058823528,0.19117647058823528,-0.20588235294117646,0.20588235294117646 0.02702702702702703,-0.972972972972973 -0.19117647058823528,0.19117647058823528,-0.22058823529411764,0.19117647058823528,-0.20588235294117646 0.02702702702702703,-0.972972972972973 -0.10294117647058823,0.17647058823529413,-0.029411764705882353,0.16176470588235295,-0.04411764705882353,0.16176470588235295,-0.04411764705882353,0.17647058823529413,-0.10294117647058823 -0.4594594594594595,0.5405405405405406 1.8611111111111112 0.6923076923076923 1.269485903814262
x -0.02127659574468085,0.3617021276595745,-0.2978723404255319,0.2978723404255319,-0.02127659574468085 -0.972972972972973,0.02702702702702703 0.2978723404255319,-0.3404255319148936,0.3617021276595745 -0.972972972972973,0.02702702702702703 -0.2765957446808511,0.44680851063829785,-0.2765957446808511 -0.02702702702702703,0.8108108108108109,-0.16216216216216217 1.2777777777777777 0.6923076923076923 1.2560386473429952
y 0.3409090909090909,-0.3409090909090909,0.3181818181818182 0.019230769230769232,-0.9807692307692307 -0.13636363636363635,0.2727272727272727,-0.5909090909090909 0.019230769230769232,-0.9807692307692307 -0.25,0.5227272727272727,-0.22727272727272727 -0.28846153846153844,0.6153846153846154,-0.09615384615384616 0.8431372549019608 0.9807692307692307 1.081623347013224
z -0.02702702702702703,0.9459459459459459,-0.02702702702702703 -0.7297297297297297,0.2702702702702703 1.0 -0.7297297297297297,0.2702702702702703 -0.24324324324324326,0.4594594594594595,-0.2972972972972973 0.7027027027027027,-0.02702702702702703,0.2702702702702703 1.0 0.6923076923076923 1.5300925925925926
A -0.30357142857142855,0.375,-0.32142857142857145 -0.9807692307692307,0.019230769230769232 0.30357142857142855,-0.39285714285714285,0.30357142857142855 -0.9615384615384616,0.038461538461538464 -0.16071428571428573,0.26785714285714285,-0.14285714285714285,0.26785714285714285,-0.16071428571428573 0.38461538461538464,-0.19230769230769232,0.25,-0.17307692307692307 1.0784313725490196 0.9807692307692307 1.2253119429590018
