### Filename
### ref/Arial-black/symbols-generated.png-ref.txt
( -0.5714285714285714,0.42857142857142855 0.014705882352941176,-0.9705882352941176,0.014705882352941176 -0.5714285714285714,0.42857142857142855 -0.39705882352941174,0.20588235294117646,-0.39705882352941174 0.29850746268656714 1.0
) 0.42857142857142855,-0.5714285714285714 -0.39705882352941174,0.20588235294117646,-0.39705882352941174 0.42857142857142855,-0.5714285714285714 0.014705882352941176,-0.9705882352941176,0.014705882352941176 0.29850746268656714 1.0
[ 1.0 0.16666666666666666,-0.6666666666666666,0.16666666666666666 1.0 1.0 0.3384615384615385 0.9701492537313433
] 1.0 1.0 1.0 0.16666666666666666,-0.6666666666666666,0.16666666666666666 0.3384615384615385 0.9701492537313433
, 1.0 0.5862068965517241,-0.41379310344827586 -0.21428571428571427,0.07142857142857142,-0.7142857142857143 0.4827586206896552,-0.27586206896551724,0.06896551724137931,-0.1724137931034483 0.4642857142857143 0.417910447761194
. 1.0 1.0 1.0 1.0 1.0 0.19402985074626866
/ -0.7,0.3 0.037037037037037035,-0.9629629629629629 0.3,-0.7 -0.9629629629629629,0.037037037037037035 0.3584905660377358 0.7910447761194029
° -0.35294117647058826,0.29411764705882354,-0.35294117647058826 -0.35294117647058826,0.29411764705882354,-0.35294117647058826 -0.35294117647058826,0.29411764705882354,-0.35294117647058826 -0.35294117647058826,0.29411764705882354,-0.35294117647058826 1.0 0.23880597014925373
# -0.3023255813953488,0.23255813953488372,-0.18604651162790697,0.23255813953488372,-0.046511627906976744 -0.24074074074074073,0.18518518518518517,-0.16666666666666666,0.18518518518518517,-0.2222222222222222 -0.046511627906976744,0.23255813953488372,-0.18604651162790697,0.23255813953488372,-0.3023255813953488 -0.24074074074074073,0.18518518518518517,-0.16666666666666666,0.18518518518518517,-0.2222222222222222 0.7924528301886793 0.7910447761194029
@ -0.4339622641509434,0.20754716981132076,-0.3584905660377358 -0.32786885245901637,0.18032786885245902,-0.29508196721311475,0.01639344262295082,-0.18032786885245902 -0.41509433962264153,0.22641509433962265,-0.3584905660377358 -0.4098360655737705,0.19672131147540983,-0.39344262295081966 0.8666666666666667 0.8955223880597015
' 1.0 0.5789473684210527,-0.42105263157894735 -0.14285714285714285,0.7142857142857143,-0.14285714285714285 0.5789473684210527,-0.42105263157894735 0.7222222222222222 0.26865671641791045
§ -0.3488372093023256,0.32558139534883723,-0.32558139534883723 -0.45588235294117646,0.10294117647058823,-0.4411764705882353 -0.37209302325581395,0.3023255813953488,-0.32558139534883723 -0.4264705882352941,0.08823529411764706,-0.4852941176470588 0.6268656716417911 1.0
- 1.0 1.0 1.0 1.0 1.9 0.14925373134328357
_ 1.0 1.0 1.0 1.0 11.666666666666666 0.04477611940298507
* -0.35714285714285715,0.2857142857142857,-0.35714285714285715 -0.4230769230769231,0.07692307692307693,-0.5 -0.32142857142857145,0.03571428571428571,-0.2857142857142857,0.03571428571428571,-0.32142857142857145 -0.46153846153846156,0.038461538461538464,-0.5 1.08 0.373134328358209
^ -0.3684210526315789,0.2631578947368421,-0.3684210526315789 -0.9655172413793104,0.034482758620689655 0.3157894736842105,-0.3684210526315789,0.3157894736842105 -0.9655172413793104,0.034482758620689655 1.3214285714285714 0.417910447761194
$ -0.45454545454545453,0.11363636363636363,-0.4318181818181818 -0.5625,0.125,-0.3125 -0.45454545454545453,0.11363636363636363,-0.4318181818181818 -0.65625,0.03125,-0.3125 0.6825396825396826 0.9402985074626866
€ -0.5555555555555556,0.24444444444444444,-0.2 -0.07407407407407407,0.037037037037037035,-0.5740740740740741,0.2222222222222222,-0.09259259259259259 -0.5555555555555556,0.24444444444444444,-0.2 -0.6111111111111112,0.037037037037037035,-0.35185185185185186 0.8301886792452831 0.7910447761194029
£ -0.3488372093023256,0.3023255813953488,-0.3488372093023256 -0.9259259259259259,0.018518518518518517,-0.05555555555555555 -0.09302325581395349,0.023255813953488372,-0.5116279069767442,0.20930232558139536,-0.16279069767441862 -0.4074074074074074,0.18518518518518517,-0.2222222222222222,0.018518518518518517,-0.16666666666666666 0.7924528301886793 0.7910447761194029
` 0.6470588235294118,-0.35294117647058826 -0.9,0.1 -0.5882352941176471,0.4117647058823529 0.1,-0.9 1.7777777777777777 0.13432835820895522
´ -0.35294117647058826,0.6470588235294118 0.09090909090909091,-0.9090909090909091 0.4117647058823529,-0.5882352941176471 -0.9090909090909091,0.09090909090909091 1.6 0.14925373134328357
+ -0.34210526315789475,0.2894736842105263,-0.3684210526315789 -0.3684210526315789,0.2894736842105263,-0.34210526315789475 -0.34210526315789475,0.2894736842105263,-0.3684210526315789 -0.3684210526315789,0.2894736842105263,-0.34210526315789475 1.0 0.5522388059701493
< -0.975,0.025 0.3023255813953488,-0.3953488372093023,0.3023255813953488 -0.975,0.025 -0.3488372093023256,0.3023255813953488,-0.3488372093023256 0.9285714285714286 0.6268656716417911
> 0.025,-0.975 -0.3488372093023256,0.3023255813953488,-0.3488372093023256 0.025,-0.975 0.3023255813953488,-0.3953488372093023,0.3023255813953488 0.9285714285714286 0.6268656716417911
| 1.0 1.0 1.0 1.0 0.1568627450980392 0.7611940298507462
