### Filename
### ref/ComicSansMS/capitals-generated.png-ref.txt
A -0.6046511627906976,0.06976744186046512,-0.32558139534883723 -0.8846153846153846,0.07692307692307693,-0.038461538461538464 -0.046511627906976744,0.06976744186046512,-0.7674418604651163,0.06976744186046512,-0.046511627906976744 -0.8846153846153846,0.07692307692307693,-0.038461538461538464 0.8235294117647058 0.7611940298507462
B -0.2,0.2857142857142857,-0.5142857142857142 -0.6842105263157895,0.08771929824561403,-0.22807017543859648 -0.05714285714285714,0.3142857142857143,-0.6285714285714286 -0.42105263157894735,0.5263157894736842,-0.05263157894736842 0.6071428571428571 0.835820895522388
C -0.8461538461538461,0.10256410256410256,-0.05128205128205128 -0.07407407407407407,0.14814814814814814,-0.7777777777777778 -0.3333333333333333,0.23076923076923078,-0.4358974358974359 -0.5740740740740741,0.16666666666666666,-0.25925925925925924 0.7169811320754716 0.7910447761194029
D -0.07317073170731707,0.07317073170731707,-0.8536585365853658 -0.5,0.1724137931034483,-0.3275862068965517 -0.2682926829268293,0.2682926829268293,-0.4634146341463415 -0.05172413793103448,0.2413793103448276,-0.39655172413793105,0.22413793103448276,-0.08620689655172414 0.7017543859649122 0.8507462686567164
E -0.05263157894736842,0.07894736842105263,-0.18421052631578946,0.47368421052631576,-0.21052631578947367 -0.05172413793103448,0.05172413793103448,-0.896551724137931 -0.2631578947368421,0.5263157894736842,-0.21052631578947367 -0.034482758620689655,0.10344827586206896,-0.22413793103448276,0.46551724137931033,-0.1724137931034483 0.6491228070175439 0.8507462686567164
F -0.3611111111111111,0.3333333333333333,-0.3055555555555556 -0.06779661016949153,0.05084745762711865,-0.8813559322033898 -0.05555555555555555,0.08333333333333333,-0.8611111111111112 -0.05084745762711865,0.9152542372881356,-0.03389830508474576 0.603448275862069 0.8656716417910447
G -0.4888888888888889,0.15555555555555556,-0.35555555555555557 -0.5,0.05357142857142857,-0.44642857142857145 -0.26666666666666666,0.2222222222222222,-0.5111111111111111 -0.5535714285714286,0.21428571428571427,-0.23214285714285715 0.8 0.8208955223880597
H -0.06521739130434782,0.06521739130434782,-0.7608695652173914,0.06521739130434782,-0.043478260869565216 -0.03508771929824561,0.05263157894736842,-0.9122807017543859 -0.043478260869565216,0.06521739130434782,-0.8913043478260869 -0.7543859649122807,0.21052631578947367,-0.03508771929824561 0.8035714285714286 0.835820895522388
I -0.05714285714285714,0.6285714285714286,-0.3142857142857143 -0.05555555555555555,0.07407407407407407,-0.8703703703703703 -0.08571428571428572,0.22857142857142856,-0.6857142857142857 -0.037037037037037035,0.07407407407407407,-0.8888888888888888 0.6415094339622641 0.7910447761194029
J -0.2857142857142857,0.6428571428571429,-0.07142857142857142 -0.03508771929824561,0.07017543859649122,-0.8947368421052632 -0.35714285714285715,0.16666666666666666,-0.47619047619047616 -0.6842105263157895,0.10526315789473684,-0.21052631578947367 0.7321428571428571 0.835820895522388
K -0.05555555555555555,0.08333333333333333,-0.8611111111111112 -0.864406779661017,0.05084745762711865,-0.0847457627118644 -0.05555555555555555,0.1111111111111111,-0.8333333333333334 -0.03389830508474576,0.9152542372881356,-0.05084745762711865 0.603448275862069 0.8656716417910447
L -0.08571428571428572,0.08571428571428572,-0.8285714285714286 -0.8448275862068966,0.06896551724137931,-0.08620689655172414 -0.08571428571428572,0.34285714285714286,-0.5714285714285714 -0.6551724137931034,0.29310344827586204,-0.05172413793103448 0.5964912280701754 0.8507462686567164
M -0.7192982456140351,0.05263157894736842,-0.22807017543859648 -0.8813559322033898,0.0847457627118644,-0.03389830508474576 -0.9122807017543859,0.05263157894736842,-0.03508771929824561 -0.8135593220338984,0.13559322033898305,-0.05084745762711865 0.9655172413793104 0.8656716417910447
N -0.06,0.06,-0.72,0.08,-0.08 -0.1896551724137931,0.7068965517241379,-0.10344827586206896 -0.04,0.08,-0.88 -0.034482758620689655,0.1724137931034483,-0.6551724137931034,0.08620689655172414,-0.05172413793103448 0.8596491228070176 0.8507462686567164
O -0.44,0.24,-0.32 -0.2962962962962963,0.2222222222222222,-0.48148148148148145 -0.38,0.2,-0.42 -0.48148148148148145,0.2037037037037037,-0.3148148148148148 0.9245283018867925 0.7910447761194029
P -0.16129032258064516,0.3870967741935484,-0.45161290322580644 -0.21428571428571427,0.14285714285714285,-0.6428571428571429 -0.06451612903225806,0.0967741935483871,-0.8387096774193549 -0.48214285714285715,0.48214285714285715,-0.03571428571428571 0.5454545454545454 0.8208955223880597
Q -0.423728813559322,0.2033898305084746,-0.3728813559322034 -0.9117647058823529,0.07352941176470588,-0.014705882352941176 -0.9152542372881356,0.05084745762711865,-0.03389830508474576 -0.35294117647058826,0.16176470588235295,-0.4852941176470588 0.8656716417910447 1.0
R -0.07692307692307693,0.20512820512820512,-0.717948717948718 -0.8928571428571429,0.05357142857142857,-0.05357142857142857 -0.02564102564102564,0.10256410256410256,-0.8717948717948718 -0.05357142857142857,0.9107142857142857,-0.03571428571428571 0.6909090909090909 0.8208955223880597
S -0.5,0.23809523809523808,-0.2619047619047619 -0.5925925925925926,0.14814814814814814,-0.25925925925925924 -0.30952380952380953,0.2619047619047619,-0.42857142857142855 -0.7592592592592593,0.07407407407407407,-0.16666666666666666 0.7735849056603774 0.7910447761194029
T -0.043478260869565216,0.10869565217391304,-0.8478260869565217 -0.05660377358490566,0.07547169811320754,-0.8679245283018868 -0.45652173913043476,0.06521739130434782,-0.4782608695652174 -0.03773584905660377,0.05660377358490566,-0.9056603773584906 0.8653846153846154 0.7761194029850746
U -0.046511627906976744,0.06976744186046512,-0.7674418604651163,0.06976744186046512,-0.046511627906976744 -0.037037037037037035,0.42592592592592593,-0.5370370370370371 -0.37209302325581395,0.23255813953488372,-0.3953488372093023 -0.05555555555555555,0.5740740740740741,-0.37037037037037035 0.7924528301886793 0.7910447761194029
V -0.8809523809523809,0.07142857142857142,-0.047619047619047616 -0.034482758620689655,0.06896551724137931,-0.896551724137931 -0.40476190476190477,0.07142857142857142,-0.5238095238095238 -0.06896551724137931,0.08620689655172414,-0.8448275862068966 0.7192982456140351 0.8507462686567164
W -0.028985507246376812,0.043478260869565216,-0.855072463768116,0.043478260869565216,-0.028985507246376812 -0.03508771929824561,0.05263157894736842,-0.9122807017543859 -0.6086956521739131,0.08695652173913043,-0.30434782608695654 -0.03508771929824561,0.05263157894736842,-0.9122807017543859 1.2142857142857142 0.835820895522388
X -0.0851063829787234,0.06382978723404255,-0.7446808510638298,0.06382978723404255,-0.0425531914893617 -0.03571428571428571,0.05357142857142857,-0.9107142857142857 -0.8723404255319149,0.06382978723404255,-0.06382978723404255 -0.875,0.05357142857142857,-0.07142857142857142 0.8363636363636363 0.8208955223880597
Y -0.047619047619047616,0.07142857142857142,-0.7619047619047619,0.07142857142857142,-0.047619047619047616 -0.03636363636363636,0.05454545454545454,-0.9090909090909091 -0.35714285714285715,0.07142857142857142,-0.5714285714285714 -0.03636363636363636,0.05454545454545454,-0.9090909090909091 0.7592592592592593 0.8059701492537313
Z -0.06521739130434782,0.2391304347826087,-0.32608695652173914,0.30434782608695654,-0.06521739130434782 -0.03773584905660377,0.05660377358490566,-0.8301886792452831,0.05660377358490566,-0.018867924528301886 0.9782608695652174,-0.021739130434782608 -0.9056603773584906,0.09433962264150944 0.8653846153846154 0.7761194029850746
