### Filename
### ref/ComicSansMS/letters-generated.png-ref.txt
a -0.4411764705882353,0.23529411764705882,-0.3235294117647059 -0.8947368421052632,0.07894736842105263,-0.02631578947368421 -0.3235294117647059,0.20588235294117646,-0.35294117647058826,0.08823529411764706,-0.029411764705882353 -0.42105263157894735,0.2631578947368421,-0.3157894736842105 0.8918918918918919 0.6166666666666667
b -0.058823529411764705,0.11764705882352941,-0.8235294117647058 -0.5714285714285714,0.17857142857142858,-0.25 -0.029411764705882353,0.11764705882352941,-0.14705882352941177,0.29411764705882354,-0.4117647058823529 -0.03571428571428571,0.9464285714285714,-0.017857142857142856 0.6 0.9166666666666666
c -0.43333333333333335,0.23333333333333334,-0.3333333333333333 -0.7631578947368421,0.07894736842105263,-0.15789473684210525 -0.4,0.26666666666666666,-0.3333333333333333 -0.47368421052631576,0.21052631578947367,-0.3157894736842105 0.7837837837837838 0.6166666666666667
d -0.8571428571428571,0.11428571428571428,-0.02857142857142857 -0.017241379310344827,0.3103448275862069,-0.5,0.13793103448275862,-0.034482758620689655 -0.37142857142857144,0.22857142857142856,-0.4 -0.603448275862069,0.1724137931034483,-0.22413793103448276 0.5964912280701754 0.95
e -0.3888888888888889,0.2777777777777778,-0.3333333333333333 -0.717948717948718,0.07692307692307693,-0.20512820512820512 -0.3611111111111111,0.2777777777777778,-0.3611111111111111 -0.4358974358974359,0.2564102564102564,-0.3076923076923077 0.9210526315789473 0.6333333333333333
f -0.6666666666666666,0.26666666666666666,-0.06666666666666667 -0.01639344262295082,0.08196721311475409,-0.22950819672131148,0.06557377049180328,-0.6065573770491803 -0.3333333333333333,0.13333333333333333,-0.5333333333333333 -0.36065573770491804,0.04918032786885246,-0.5901639344262295 0.48333333333333334 1.0
g -0.45454545454545453,0.30303030303030304,-0.24242424242424243 -0.08771929824561403,0.17543859649122806,-0.7368421052631579 -0.18181818181818182,0.36363636363636365,-0.45454545454545453 -0.2807017543859649,0.19298245614035087,-0.40350877192982454,0.07017543859649122,-0.05263157894736842 0.5714285714285714 0.9333333333333333
h -0.06060606060606061,0.12121212121212122,-0.8181818181818182 -0.8793103448275862,0.08620689655172414,-0.034482758620689655 -0.8484848484848485,0.09090909090909091,-0.06060606060606061 -0.896551724137931,0.05172413793103448,-0.05172413793103448 0.5614035087719298 0.95
. -0.2857142857142857,0.42857142857142855,-0.2857142857142857 -0.2857142857142857,0.42857142857142855,-0.2857142857142857 -0.2857142857142857,0.42857142857142855,-0.2857142857142857 -0.2857142857142857,0.42857142857142855,-0.2857142857142857 1.0 0.1
i -0.2857142857142857,0.42857142857142855,-0.2857142857142857 -0.05405405405405406,0.8918918918918919,-0.05405405405405406 -0.2857142857142857,0.42857142857142855,-0.2857142857142857 -0.05405405405405406,0.8918918918918919,-0.05405405405405406 0.16666666666666666 0.6
. -0.2857142857142857,0.42857142857142855,-0.2857142857142857 -0.2857142857142857,0.42857142857142855,-0.2857142857142857 -0.2857142857142857,0.42857142857142855,-0.2857142857142857 -0.2857142857142857,0.42857142857142855,-0.2857142857142857 1.0 0.1
j -0.7083333333333334,0.125,-0.16666666666666666 -0.5689655172413793,0.25862068965517243,-0.1724137931034483 -0.4166666666666667,0.25,-0.3333333333333333 -0.7413793103448276,0.05172413793103448,-0.20689655172413793 0.40350877192982454 0.95
k -0.0625,0.09375,-0.84375 -0.9137931034482759,0.05172413793103448,-0.034482758620689655 -0.0625,0.09375,-0.6875,0.09375,-0.0625 -0.034482758620689655,0.9310344827586207,-0.034482758620689655 0.543859649122807 0.95
l -0.14285714285714285,0.7142857142857143,-0.14285714285714285 -0.016666666666666666,0.95,-0.03333333333333333 -0.14285714285714285,0.5714285714285714,-0.2857142857142857 -0.016666666666666666,0.9666666666666667,-0.016666666666666666 0.1016949152542373 0.9833333333333333
m -0.0625,0.0625,-0.875 -0.7857142857142857,0.16666666666666666,-0.047619047619047616 -0.4791666666666667,0.0625,-0.3333333333333333,0.08333333333333333,-0.041666666666666664 -0.11904761904761904,0.14285714285714285,-0.35714285714285715,0.21428571428571427,-0.16666666666666666 1.146341463414634 0.6833333333333333
n -0.06666666666666667,0.1,-0.8333333333333334 -0.7435897435897436,0.23076923076923078,-0.02564102564102564 -0.06666666666666667,0.13333333333333333,-0.6333333333333333,0.13333333333333333,-0.03333333333333333 -0.5128205128205128,0.41025641025641024,-0.07692307692307693 0.7631578947368421 0.6333333333333333
o -0.4375,0.25,-0.3125 -0.34210526315789475,0.2631578947368421,-0.39473684210526316 -0.375,0.25,-0.375 -0.39473684210526316,0.2631578947368421,-0.34210526315789475 0.8378378378378378 0.6166666666666667
p -0.06451612903225806,0.12903225806451613,-0.8064516129032258 -0.2542372881355932,0.2033898305084746,-0.5423728813559322 -0.0967741935483871,0.0967741935483871,-0.8064516129032258 -0.05084745762711865,0.1694915254237288,-0.7796610169491526 0.5172413793103449 0.9666666666666667
q -0.5161290322580645,0.25806451612903225,-0.06451612903225806,0.0967741935483871,-0.06451612903225806 -0.03508771929824561,0.2982456140350877,-0.6666666666666666 -0.7419354838709677,0.0967741935483871,-0.16129032258064516 -0.2982456140350877,0.17543859649122806,-0.5263157894736842 0.5357142857142857 0.9333333333333333
r -0.6296296296296297,0.25925925925925924,-0.1111111111111111 -0.10256410256410256,0.23076923076923078,-0.6666666666666666 -0.037037037037037035,0.18518518518518517,-0.7777777777777778 -0.05128205128205128,0.9230769230769231,-0.02564102564102564 0.6842105263157895 0.6333333333333333
s -0.7666666666666667,0.13333333333333333,-0.1 -0.14634146341463414,0.12195121951219512,-0.7317073170731707 -0.3,0.3333333333333333,-0.36666666666666664 -0.8048780487804879,0.07317073170731707,-0.12195121951219512 0.725 0.6666666666666666
t -0.41379310344827586,0.13793103448275862,-0.4482758620689655 -0.26,0.08,-0.66 -0.41379310344827586,0.13793103448275862,-0.4482758620689655 -0.26,0.08,-0.66 0.5714285714285714 0.8166666666666667
u -0.06666666666666667,0.13333333333333333,-0.6,0.13333333333333333,-0.06666666666666667 -0.025,0.925,-0.05 -0.8333333333333334,0.1,-0.06666666666666667 -0.15,0.45,-0.4 0.7435897435897436 0.65
v -0.0625,0.09375,-0.6875,0.09375,-0.0625 -0.05263157894736842,0.07894736842105263,-0.868421052631579 -0.4375,0.125,-0.4375 -0.05263157894736842,0.07894736842105263,-0.868421052631579 0.8378378378378378 0.6166666666666667
w -0.044444444444444446,0.06666666666666667,-0.35555555555555557,0.08888888888888889,-0.3111111111111111,0.08888888888888889,-0.044444444444444446 -0.05,0.1,-0.85 -0.17777777777777778,0.08888888888888889,-0.4,0.08888888888888889,-0.24444444444444444 -0.05,0.175,-0.775 1.1282051282051282 0.65
x -0.868421052631579,0.07894736842105263,-0.05263157894736842 -0.04878048780487805,0.07317073170731707,-0.8780487804878049 -0.8157894736842105,0.07894736842105263,-0.10526315789473684 -0.8292682926829268,0.07317073170731707,-0.0975609756097561 0.925 0.6666666666666666
y -0.05555555555555555,0.08333333333333333,-0.7222222222222222,0.08333333333333333,-0.05555555555555555 -0.03508771929824561,0.03508771929824561,-0.9298245614035088 -0.25,0.08333333333333333,-0.6666666666666666 -0.03508771929824561,0.07017543859649122,-0.8947368421052632 0.625 0.9333333333333333
z -0.0625,0.90625,-0.03125 -0.02702702702702703,0.08108108108108109,-0.8918918918918919 0.96875,-0.03125 -0.9459459459459459,0.05405405405405406 0.8611111111111112 0.6
