### Filename
### ref/ComicSansMS/numbers-generated.png-ref.txt
1 -0.5,0.13636363636363635,-0.36363636363636365 -0.9090909090909091,0.05454545454545454,-0.03636363636363636 -0.09090909090909091,0.8181818181818182,-0.09090909090909091 -0.18181818181818182,0.05454545454545454,-0.6727272727272727,0.07272727272727272,-0.01818181818181818 0.3888888888888889 0.9473684210526315
2 -0.3939393939393939,0.24242424242424243,-0.36363636363636365 -0.9090909090909091,0.05454545454545454,-0.03636363636363636 -0.06060606060606061,0.30303030303030304,-0.45454545454545453,0.12121212121212122,-0.06060606060606061 -0.16363636363636364,0.07272727272727272,-0.5454545454545454,0.18181818181818182,-0.03636363636363636 0.5925925925925926 0.9473684210526315
3 -0.36363636363636365,0.24242424242424243,-0.3939393939393939 -0.6428571428571429,0.14285714285714285,-0.21428571428571427 -0.3333333333333333,0.2727272727272727,-0.3939393939393939 -0.7857142857142857,0.05357142857142857,-0.16071428571428573 0.5818181818181818 0.9649122807017544
4 -0.65,0.1,-0.25 -0.625,0.05357142857142857,-0.32142857142857145 -0.675,0.1,-0.225 -0.625,0.05357142857142857,-0.32142857142857145 0.7090909090909091 0.9649122807017544
5 -0.05555555555555555,0.8611111111111112,-0.08333333333333333 -0.5,0.19642857142857142,-0.30357142857142855 -0.3055555555555556,0.25,-0.4444444444444444 -0.4107142857142857,0.125,-0.26785714285714285,0.05357142857142857,-0.14285714285714285 0.6363636363636364 0.9649122807017544
6 -0.5714285714285714,0.08571428571428572,-0.34285714285714286 -0.5689655172413793,0.1724137931034483,-0.25862068965517243 -0.34285714285714286,0.2857142857142857,-0.37142857142857144 -0.5172413793103449,0.22413793103448276,-0.25862068965517243 0.5964912280701754 1.0
7 -0.075,0.15,-0.775 -0.037037037037037035,0.05555555555555555,-0.9074074074074074 -0.225,0.1,-0.675 -0.037037037037037035,0.07407407407407407,-0.8888888888888888 0.7358490566037735 0.9298245614035088
8 -0.37142857142857144,0.2857142857142857,-0.34285714285714286 -0.6428571428571429,0.16071428571428573,-0.19642857142857142 -0.34285714285714286,0.2857142857142857,-0.37142857142857144 -0.6428571428571429,0.17857142857142858,-0.17857142857142858 0.6181818181818182 0.9649122807017544
9 -0.3783783783783784,0.2702702702702703,-0.35135135135135137 -0.25862068965517243,0.1896551724137931,-0.5517241379310345 -0.16216216216216217,0.10810810810810811,-0.7297297297297297 -0.2413793103448276,0.1724137931034483,-0.5862068965517241 0.631578947368421 1.0
0 -0.41025641025641024,0.23076923076923078,-0.358974358974359 -0.32727272727272727,0.2727272727272727,-0.4 -0.3076923076923077,0.38461538461538464,-0.3076923076923077 -0.36363636363636365,0.2727272727272727,-0.36363636363636365 0.7037037037037037 0.9473684210526315
