### Filename
### ref/ComicSansMS/symbols-generated.png-ref.txt
( -0.75,0.2,-0.05 -0.028169014084507043,0.04225352112676056,-0.8732394366197183,0.04225352112676056,-0.014084507042253521 -0.75,0.2,-0.05 -0.4084507042253521,0.22535211267605634,-0.36619718309859156 0.2714285714285714 0.958904109589041
) -0.05,0.2,-0.75 -0.4084507042253521,0.22535211267605634,-0.36619718309859156 -0.05,0.2,-0.75 -0.028169014084507043,0.04225352112676056,-0.8732394366197183,0.04225352112676056,-0.014084507042253521 0.2714285714285714 0.958904109589041
[ -0.10526315789473684,0.7894736842105263,-0.10526315789473684 -0.9264705882352942,0.058823529411764705,-0.014705882352941176 -0.10526315789473684,0.8421052631578947,-0.05263157894736842 -0.5735294117647058,0.39705882352941174,-0.029411764705882353 0.26865671641791045 0.9178082191780822
] -0.10526315789473684,0.7894736842105263,-0.10526315789473684 -0.5735294117647058,0.39705882352941174,-0.029411764705882353 -0.05263157894736842,0.8421052631578947,-0.10526315789473684 -0.9264705882352942,0.058823529411764705,-0.014705882352941176 0.26865671641791045 0.9178082191780822
, -0.5454545454545454,0.36363636363636365,-0.09090909090909091 -0.058823529411764705,0.23529411764705882,-0.7058823529411765 -0.18181818181818182,0.2727272727272727,-0.5454545454545454 -0.7058823529411765,0.23529411764705882,-0.058823529411764705 0.625 0.2191780821917808
. -0.2222222222222222,0.5555555555555556,-0.2222222222222222 -0.2222222222222222,0.5555555555555556,-0.2222222222222222 -0.2222222222222222,0.5555555555555556,-0.2222222222222222 -0.2222222222222222,0.5555555555555556,-0.2222222222222222 1.0 0.1095890410958904
/ -0.8387096774193549,0.12903225806451613,-0.03225806451612903 -0.016666666666666666,0.1,-0.8833333333333333 -0.06451612903225806,0.0967741935483871,-0.8387096774193549 -0.9166666666666666,0.06666666666666667,-0.016666666666666666 0.5084745762711864 0.8082191780821918
° -0.36,0.28,-0.36 -0.36,0.28,-0.36 -0.32,0.28,-0.4 -0.36,0.28,-0.36 1.0 0.3287671232876712
# -0.38333333333333336,0.06666666666666667,-0.3333333333333333,0.06666666666666667,-0.15 -0.25,0.07142857142857142,-0.6785714285714286 -0.11666666666666667,0.06666666666666667,-0.36666666666666664,0.06666666666666667,-0.38333333333333336 -0.6428571428571429,0.07142857142857142,-0.2857142857142857 1.0727272727272728 0.7534246575342466
@ -0.39655172413793105,0.20689655172413793,-0.39655172413793105 -0.3333333333333333,0.1746031746031746,-0.49206349206349204 -0.43103448275862066,0.1896551724137931,-0.3793103448275862 -0.4126984126984127,0.19047619047619047,-0.3968253968253968 0.9193548387096774 0.8493150684931506
' -0.16666666666666666,0.6666666666666666,-0.16666666666666666 -0.05555555555555555,0.8888888888888888,-0.05555555555555555 -0.3333333333333333,0.5,-0.16666666666666666 -0.05555555555555555,0.6111111111111112,-0.3333333333333333 0.29411764705882354 0.2328767123287671
§ -0.4117647058823529,0.2647058823529412,-0.3235294117647059 -0.13114754098360656,0.04918032786885246,-0.32786885245901637,0.08196721311475409,-0.14754098360655737,0.11475409836065574,-0.14754098360655737 -0.38235294117647056,0.29411764705882354,-0.3235294117647059 -0.7213114754098361,0.09836065573770492,-0.18032786885245902 0.55 0.821917808219178
- -0.4782608695652174,0.4782608695652174,-0.043478260869565216 -0.14285714285714285,0.5714285714285714,-0.2857142857142857 -0.043478260869565216,0.782608695652174,-0.17391304347826086 -0.2857142857142857,0.5714285714285714,-0.14285714285714285 3.6666666666666665 0.0821917808219178
_ 1.0 1.0 1.0 1.0 9.2 0.0684931506849315
* -0.4375,0.125,-0.4375 -0.2962962962962963,0.14814814814814814,-0.5555555555555556 -0.71875,0.09375,-0.1875 -0.2962962962962963,0.1111111111111111,-0.5925925925925926 1.1923076923076923 0.3561643835616438
^ -0.41379310344827586,0.13793103448275862,-0.4482758620689655 -0.7222222222222222,0.16666666666666666,-0.1111111111111111 -0.06896551724137931,0.10344827586206896,-0.6551724137931034,0.10344827586206896,-0.06896551724137931 -0.7222222222222222,0.16666666666666666,-0.1111111111111111 1.6470588235294117 0.2328767123287671
$ -0.46153846153846156,0.10256410256410256,-0.4358974358974359 -0.5540540540540541,0.10810810810810811,-0.33783783783783783 -0.4358974358974359,0.10256410256410256,-0.46153846153846156 -0.6891891891891891,0.06756756756756757,-0.24324324324324326 0.5205479452054794 1.0
€ -0.8695652173913043,0.08695652173913043,-0.043478260869565216 -0.05263157894736842,0.15789473684210525,-0.7894736842105263 -0.43478260869565216,0.1956521739130435,-0.3695652173913043 -0.38596491228070173,0.05263157894736842,-0.15789473684210525,0.05263157894736842,-0.3508771929824561 0.8035714285714286 0.7671232876712328
£ -0.5,0.2,-0.3 -0.7538461538461538,0.09230769230769231,-0.15384615384615385 -0.64,0.16,-0.2 -0.4153846153846154,0.06153846153846154,-0.5230769230769231 0.765625 0.8767123287671232
` -0.13333333333333333,0.2,-0.6666666666666666 -0.7058823529411765,0.17647058823529413,-0.11764705882352941 -0.6666666666666666,0.2,-0.13333333333333333 -0.11764705882352941,0.17647058823529413,-0.7058823529411765 0.875 0.2191780821917808
´ -0.625,0.3125,-0.0625 -0.0625,0.1875,-0.75 -0.0625,0.1875,-0.75 -0.6875,0.25,-0.0625 1.0 0.2054794520547945
+ -0.4482758620689655,0.10344827586206896,-0.4482758620689655 -0.4482758620689655,0.13793103448275862,-0.41379310344827586 -0.41379310344827586,0.1724137931034483,-0.41379310344827586 -0.4482758620689655,0.10344827586206896,-0.4482758620689655 1.0 0.3835616438356164
< -0.7619047619047619,0.14285714285714285,-0.09523809523809523 -0.06666666666666667,0.1,-0.6666666666666666,0.1,-0.06666666666666667 -0.7619047619047619,0.14285714285714285,-0.09523809523809523 -0.4666666666666667,0.1,-0.43333333333333335 0.6896551724137931 0.3972602739726027
> -0.16666666666666666,0.125,-0.7083333333333334 -0.45454545454545453,0.09090909090909091,-0.45454545454545453 -0.041666666666666664,0.16666666666666666,-0.7916666666666666 -0.8787878787878788,0.09090909090909091,-0.030303030303030304 0.71875 0.4383561643835616
| -0.16666666666666666,0.6666666666666666,-0.16666666666666666 -0.016666666666666666,0.9833333333333333 1.0 -0.016666666666666666,0.9833333333333333 0.0847457627118644 0.8082191780821918
