A -0.45454545454545453,0.09090909090909091,-0.45454545454545453 -0.9230769230769231,0.07692307692307693 0.18181818181818182,-0.6363636363636364,0.18181818181818182 -0.9230769230769231,0.07692307692307693 0.8333333333333334 0.8571428571428571
B 0.75,-0.25 -0.5384615384615384,0.3076923076923077,-0.15384615384615385 0.75,-0.25 1.0 0.5833333333333334 0.8571428571428571
C -0.3333333333333333,0.5555555555555556,-0.1111111111111111 -0.07692307692307693,0.15384615384615385,-0.5384615384615384,0.15384615384615385,-0.07692307692307693 -0.3333333333333333,0.4444444444444444,-0.2222222222222222 -0.3076923076923077,0.46153846153846156,-0.23076923076923078 0.6666666666666666 0.8571428571428571
D 0.6666666666666666,-0.3333333333333333 -0.23076923076923078,0.46153846153846156,-0.3076923076923077 0.6666666666666666,-0.3333333333333333 1.0 0.6666666666666666 0.8571428571428571
E 1.0 0.15384615384615385,-0.6923076923076923,0.15384615384615385 1.0 1.0 0.5833333333333334 0.8571428571428571
F 1.0 0.15384615384615385,-0.8461538461538461 0.25,-0.75 1.0 0.5833333333333334 0.8571428571428571
G -0.3,0.5,-0.2 -0.46153846153846156,0.46153846153846156,-0.07692307692307693 -0.3,0.5,-0.2 -0.3076923076923077,0.38461538461538464,-0.3076923076923077 0.75 0.8571428571428571
H 0.2,-0.6,0.2 1.0 0.2,-0.6,0.2 1.0 0.75 0.8571428571428571
I 1.0 1.0 1.0 1.0 0.08333333333333333 0.8571428571428571
J -0.7142857142857143,0.2857142857142857 0.8461538461538461,-0.15384615384615385 -0.14285714285714285,0.5714285714285714,-0.2857142857142857 -0.7692307692307693,0.15384615384615385,-0.07692307692307693 0.5 0.8571428571428571
K 0.2222222222222222,-0.4444444444444444,0.2222222222222222,-0.1111111111111111 -0.9230769230769231,0.07692307692307693 0.2222222222222222,-0.5555555555555556,0.2222222222222222 1.0 0.6666666666666666 0.8571428571428571
L 0.2857142857142857,-0.7142857142857143 -0.8461538461538461,0.15384615384615385 1.0 1.0 0.5 0.8571428571428571
M -0.15384615384615385,0.07692307692307693,-0.5384615384615384,0.07692307692307693,-0.15384615384615385 -0.7692307692307693,0.23076923076923078 0.15384615384615385,-0.3076923076923077,0.07692307692307693,-0.3076923076923077,0.15384615384615385 -0.7692307692307693,0.23076923076923078 1.0 0.8571428571428571
N 0.1111111111111111,-0.6666666666666666,0.2222222222222222 1.0 0.2222222222222222,-0.6666666666666666,0.1111111111111111 1.0 0.6666666666666666 0.8571428571428571
O -0.2727272727272727,0.45454545454545453,-0.2727272727272727 -0.23076923076923078,0.46153846153846156,-0.3076923076923077 -0.2727272727272727,0.45454545454545453,-0.2727272727272727 -0.3076923076923077,0.38461538461538464,-0.3076923076923077 0.8333333333333334 0.8571428571428571
P 0.75,-0.25 -0.15384615384615385,0.3076923076923077,-0.5384615384615384 0.25,-0.75 1.0 0.5833333333333334 0.8571428571428571
Q -0.25,0.4166666666666667,-0.3333333333333333 -0.8666666666666667,0.13333333333333333 -0.75,0.25 -0.26666666666666666,0.3333333333333333,-0.4 0.7857142857142857 1.0
R 0.6666666666666666,-0.3333333333333333 -0.9230769230769231,0.07692307692307693 0.2222222222222222,-0.5555555555555556,0.2222222222222222 1.0 0.6666666666666666 0.8571428571428571
S -0.14285714285714285,0.7142857142857143,-0.14285714285714285 -0.5384615384615384,0.3076923076923077,-0.15384615384615385 0.7142857142857143,-0.2857142857142857 -0.07692307692307693,0.3076923076923077,-0.46153846153846156,0.15384615384615385 0.5 0.8571428571428571
T 1.0 0.15384615384615385,-0.8461538461538461 -0.4,0.2,-0.4 0.15384615384615385,-0.8461538461538461 0.75 0.8571428571428571
U 0.2,-0.6,0.2 0.8461538461538461,-0.15384615384615385 -0.2,0.6,-0.2 0.8461538461538461,-0.15384615384615385 0.75 0.8571428571428571
V 0.18181818181818182,-0.6363636363636364,0.18181818181818182 0.07692307692307693,-0.9230769230769231 -0.45454545454545453,0.09090909090909091,-0.45454545454545453 0.07692307692307693,-0.9230769230769231 0.8333333333333334 0.8571428571428571
W 0.13333333333333333,-0.3333333333333333,0.06666666666666667,-0.3333333333333333,0.13333333333333333 0.15384615384615385,-0.8461538461538461 -0.26666666666666666,0.06666666666666667,-0.3333333333333333,0.06666666666666667,-0.26666666666666666 0.15384615384615385,-0.8461538461538461 1.1666666666666667 0.8571428571428571
X 0.2,-0.6,0.2 0.07692307692307693,-0.8461538461538461,0.07692307692307693 0.2,-0.6,0.2 0.07692307692307693,-0.8461538461538461,0.07692307692307693 0.75 0.8571428571428571
Y 0.2,-0.6,0.2 0.07692307692307693,-0.9230769230769231 -0.4,0.2,-0.4 0.07692307692307693,-0.9230769230769231 0.75 0.8571428571428571
Z 1.0 0.07692307692307693,-0.7692307692307693,0.15384615384615385 1.0 0.15384615384615385,-0.7692307692307693,0.07692307692307693 0.5833333333333334 0.8571428571428571
