a -0.14285714285714285,0.7142857142857143,-0.14285714285714285 -0.1111111111111111,0.8888888888888888 -0.14285714285714285,0.8571428571428571 -0.5555555555555556,0.3333333333333333,-0.1111111111111111 0.75 0.6153846153846154
b 0.25,-0.75 -0.46153846153846156,0.38461538461538464,-0.15384615384615385 0.125,-0.125,0.5,-0.25 1.0 0.5833333333333334 0.9230769230769231
c -0.2857142857142857,0.5714285714285714,-0.14285714285714285 -0.1111111111111111,0.1111111111111111,-0.5555555555555556,0.1111111111111111,-0.1111111111111111 -0.2857142857142857,0.5714285714285714,-0.14285714285714285 -0.2222222222222222,0.5555555555555556,-0.2222222222222222 0.75 0.6153846153846154
d -0.75,0.25 1.0 -0.25,0.75 -0.46153846153846156,0.38461538461538464,-0.15384615384615385 0.5833333333333334 0.9230769230769231
e -0.25,0.5,-0.25 -0.2222222222222222,0.3333333333333333,-0.1111111111111111,0.2222222222222222,-0.1111111111111111 -0.25,0.625,-0.125 -0.2222222222222222,0.5555555555555556,-0.2222222222222222 0.875 0.6153846153846154
f -0.5,0.5 0.15384615384615385,-0.8461538461538461 -0.16666666666666666,0.3333333333333333,-0.5 -0.3076923076923077,0.15384615384615385,-0.5384615384615384 0.4166666666666667 0.9230769230769231
g -0.75,0.125,-0.125 -0.7142857142857143,0.21428571428571427,-0.07142857142857142 -0.125,0.625,-0.25 -0.14285714285714285,0.2857142857142857,-0.14285714285714285,0.14285714285714285,-0.14285714285714285,0.07142857142857142,-0.07142857142857142 0.5384615384615384 1.0
h 0.25,-0.75 -0.38461538461538464,0.6153846153846154 0.25,-0.5,0.25 1.0 0.5833333333333334 0.9230769230769231
. 1.0 1.0 1.0 1.0 1.0 0.07692307692307693
i 1.0 1.0 -0.3333333333333333,0.6666666666666666 0.2222222222222222,-0.7777777777777778 0.25 0.6153846153846154
. 1.0 1.0 1.0 1.0 1.0 0.07692307692307693
j -0.2,0.8 0.8461538461538461,-0.15384615384615385 0.6,-0.4 -0.8461538461538461,0.15384615384615385 0.3333333333333333 0.9230769230769231
k 0.25,-0.75 -0.9230769230769231,0.07692307692307693 0.25,-0.5,0.25 1.0 0.5833333333333334 0.9230769230769231
l 0.5,-0.5 -0.8461538461538461,0.15384615384615385 -0.25,0.75 0.9230769230769231,-0.07692307692307693 0.25 0.9230769230769231
m 0.08333333333333333,-0.08333333333333333,0.3333333333333333,-0.08333333333333333,0.3333333333333333,-0.08333333333333333 -0.1111111111111111,0.8888888888888888 0.16666666666666666,-0.25,0.16666666666666666,-0.25,0.16666666666666666 1.0 1.375 0.6153846153846154
n 0.125,-0.25,0.5,-0.125 -0.1111111111111111,0.8888888888888888 0.25,-0.5,0.25 1.0 0.875 0.6153846153846154
o -0.2222222222222222,0.5555555555555556,-0.2222222222222222 -0.2222222222222222,0.5555555555555556,-0.2222222222222222 -0.2222222222222222,0.5555555555555556,-0.2222222222222222 -0.2222222222222222,0.5555555555555556,-0.2222222222222222 1.0 0.6153846153846154
p 0.75,-0.25 -0.15384615384615385,0.38461538461538464,-0.46153846153846156 0.25,-0.75 1.0 0.5833333333333334 0.9230769230769231
q -0.25,0.75 1.0 -0.75,0.25 -0.15384615384615385,0.38461538461538464,-0.46153846153846156 0.5833333333333334 0.9230769230769231
r 0.3333333333333333,-0.16666666666666666,0.5 0.2222222222222222,-0.7777777777777778 0.3333333333333333,-0.6666666666666666 1.0 0.625 0.6153846153846154
s -0.16666666666666666,0.8333333333333334 0.2222222222222222,-0.3333333333333333,0.3333333333333333,-0.1111111111111111 0.8333333333333334,-0.16666666666666666 -0.1111111111111111,0.3333333333333333,-0.3333333333333333,0.2222222222222222 0.625 0.6153846153846154
t -0.3333333333333333,0.16666666666666666,-0.5 -0.8333333333333334,0.16666666666666666 -0.3333333333333333,0.6666666666666666 -0.25,0.16666666666666666,-0.5833333333333334 0.45454545454545453 0.8461538461538461
u 0.25,-0.5,0.25 1.0 -0.125,0.5,-0.125,0.25 0.8888888888888888,-0.1111111111111111 0.875 0.6153846153846154
v 0.2222222222222222,-0.5555555555555556,0.2222222222222222 0.1111111111111111,-0.8888888888888888 -0.4444444444444444,0.1111111111111111,-0.4444444444444444 0.1111111111111111,-0.8888888888888888 1.0 0.6153846153846154
w 0.15384615384615385,-0.3076923076923077,0.07692307692307693,-0.3076923076923077,0.15384615384615385 0.2222222222222222,-0.7777777777777778 -0.23076923076923078,0.07692307692307693,-0.38461538461538464,0.07692307692307693,-0.23076923076923078 0.2222222222222222,-0.7777777777777778 1.5 0.6153846153846154
x 0.2222222222222222,-0.5555555555555556,0.2222222222222222 0.1111111111111111,-0.7777777777777778,0.1111111111111111 0.2222222222222222,-0.5555555555555556,0.2222222222222222 0.1111111111111111,-0.7777777777777778,0.1111111111111111 1.0 0.6153846153846154
y 0.2222222222222222,-0.5555555555555556,0.2222222222222222 0.07692307692307693,-0.9230769230769231 -0.1111111111111111,0.2222222222222222,-0.6666666666666666 0.07692307692307693,-0.9230769230769231 0.6666666666666666 0.9230769230769231
z 1.0 0.1111111111111111,-0.6666666666666666,0.2222222222222222 1.0 0.2222222222222222,-0.6666666666666666,0.1111111111111111 0.875 0.6153846153846154
