1 -0.8,0.2 1.0 -0.6,0.4 -0.23076923076923078,0.15384615384615385,-0.6153846153846154 0.3333333333333333 1.0
2 -0.14285714285714285,0.5714285714285714,-0.2857142857142857 -0.07692307692307693,0.3076923076923077,-0.46153846153846156,0.15384615384615385 1.0 -0.07692307692307693,0.15384615384615385,-0.6923076923076923,0.07692307692307693 0.5 1.0
3 -0.14285714285714285,0.5714285714285714,-0.2857142857142857 -0.15384615384615385,0.15384615384615385,-0.23076923076923078,0.3076923076923077,-0.15384615384615385 -0.14285714285714285,0.5714285714285714,-0.2857142857142857 -0.07692307692307693,0.07692307692307693,-0.6923076923076923,0.07692307692307693,-0.07692307692307693 0.5 1.0
4 -0.7777777777777778,0.1111111111111111,-0.1111111111111111 -0.5384615384615384,0.15384615384615385,-0.3076923076923077 -0.6666666666666666,0.2222222222222222,-0.1111111111111111 -0.5384615384615384,0.15384615384615385,-0.3076923076923077 0.6666666666666666 1.0
5 0.8571428571428571,-0.14285714285714285 -0.46153846153846156,0.38461538461538464,-0.15384615384615385 -0.14285714285714285,0.5714285714285714,-0.2857142857142857 0.5384615384615384,-0.3076923076923077,0.07692307692307693,-0.07692307692307693 0.5 1.0
6 -0.5,0.25,-0.25 -0.5384615384615384,0.3076923076923077,-0.15384615384615385 -0.25,0.5,-0.25 -0.38461538461538464,0.46153846153846156,-0.15384615384615385 0.5833333333333334 1.0
7 1.0 0.15384615384615385,-0.8461538461538461 -0.125,0.25,-0.625 0.15384615384615385,-0.8461538461538461 0.5833333333333334 1.0
8 -0.14285714285714285,0.7142857142857143,-0.14285714285714285 -0.07692307692307693,0.3076923076923077,-0.15384615384615385,0.38461538461538464,-0.07692307692307693 -0.14285714285714285,0.7142857142857143,-0.14285714285714285 -0.07692307692307693,0.3076923076923077,-0.23076923076923078,0.3076923076923077,-0.07692307692307693 0.5 1.0
9 -0.25,0.5,-0.25 -0.15384615384615385,0.46153846153846156,-0.38461538461538464 -0.25,0.25,-0.5 -0.15384615384615385,0.3076923076923077,-0.5384615384615384 0.5833333333333334 1.0
0 -0.2857142857142857,0.42857142857142855,-0.2857142857142857 -0.15384615384615385,0.6153846153846154,-0.23076923076923078 -0.2857142857142857,0.42857142857142855,-0.2857142857142857 -0.23076923076923078,0.6153846153846154,-0.15384615384615385 0.5 1.0
