### Filename
### ref/TrebuchetMS/symbols-generated.png-ref.txt
( -0.9333333333333333,0.06666666666666667 0.04477611940298507,-0.8805970149253731,0.07462686567164178 -0.9333333333333333,0.06666666666666667 -0.3880597014925373,0.208955223880597,-0.40298507462686567 0.5333333333333333,-0.4666666666666667 -1.0 0.21212121212121213 0.9850746268656716 0.8095238095238095
) 0.06666666666666667,-0.9333333333333333 -0.3880597014925373,0.208955223880597,-0.40298507462686567 0.06666666666666667,-0.9333333333333333 0.04477611940298507,-0.8805970149253731,0.07462686567164178 -0.4666666666666667,0.5333333333333333 -1.0 0.21212121212121213 0.9850746268656716 0.8766233766233766
[ 1.0 0.08823529411764706,-0.8235294117647058,0.08823529411764706 1.0 1.0 0.4375,-0.5625 -1.0 0.22388059701492538 1.0 1.1482587064676617
] 1.0 1.0 1.0 0.08823529411764706,-0.8235294117647058,0.08823529411764706 -0.5625,0.4375 -1.0 0.22388059701492538 1.0 1.1482587064676617
, -0.38461538461538464,0.38461538461538464,-0.23076923076923078 -0.13043478260869565,0.30434782608695654,-0.5652173913043478 -0.15384615384615385,0.07692307692307693,-0.7692307692307693 -0.8695652173913043,0.043478260869565216,-0.08695652173913043 -0.5384615384615384,0.38461538461538464,-0.07692307692307693 -0.08695652173913043,0.4782608695652174,-0.43478260869565216 0.5454545454545454 0.3283582089552239 1.0984848484848484
. -0.2727272727272727,0.45454545454545453,-0.2727272727272727 -0.2727272727272727,0.45454545454545453,-0.2727272727272727 -0.2727272727272727,0.45454545454545453,-0.2727272727272727 -0.2727272727272727,0.45454545454545453,-0.2727272727272727 1.0 1.0 1.0 0.14925373134328357 1.88
/ -0.7916666666666666,0.20833333333333334 0.057692307692307696,-0.9423076923076923 0.25,-0.75 -0.9807692307692307,0.019230769230769232 -0.4166666666666667,0.20833333333333334,-0.375 -1.0 0.45098039215686275 0.7611940298507462 0.4936061381074169
° -0.2857142857142857,0.42857142857142855,-0.2857142857142857 -0.2857142857142857,0.42857142857142855,-0.2857142857142857 -0.2857142857142857,0.42857142857142855,-0.2857142857142857 -0.2857142857142857,0.42857142857142855,-0.2857142857142857 0.14285714285714285,-0.7142857142857143,0.14285714285714285 0.14285714285714285,-0.7142857142857143,0.14285714285714285 1.0 0.19402985074626866 0.8520710059171598
# -0.3783783783783784,0.13513513513513514,-0.2972972972972973,0.10810810810810811,-0.08108108108108109 -0.2641509433962264,0.09433962264150944,-0.6415094339622641 -0.02702702702702703,0.13513513513513514,-0.2702702702702703,0.10810810810810811,-0.4594594594594595 -0.6037735849056604,0.09433962264150944,-0.3018867924528302 -0.21621621621621623,0.10810810810810811,-0.2972972972972973,0.10810810810810811,-0.2702702702702703 -0.24528301886792453,0.2830188679245283,-0.07547169811320754,0.09433962264150944,-0.3018867924528302 0.6923076923076923 0.7761194029850746 0.750534188034188
@ -0.3958333333333333,0.22916666666666666,-0.375 -0.36,0.18,-0.46 -0.3958333333333333,0.22916666666666666,-0.375 -0.4,0.22,-0.38 0.10416666666666667,-0.20833333333333334,0.14583333333333334,-0.10416666666666667,0.10416666666666667,-0.22916666666666666,0.10416666666666667 0.08,-0.16,0.08,-0.1,0.06,-0.2,0.06,-0.18,0.08 0.9591836734693877 0.7313432835820896 0.7828918801563178
' 1.0 0.5384615384615384,-0.46153846153846156 -0.16666666666666666,0.6666666666666666,-0.16666666666666666 0.5384615384615384,-0.46153846153846156 1.0 -1.0 0.4166666666666667 0.1791044776119403 2.1333333333333333
§ -0.37037037037037035,0.2962962962962963,-0.3333333333333333 -0.7169811320754716,0.1320754716981132,-0.1509433962264151 -0.2962962962962963,0.37037037037037035,-0.3333333333333333 -0.1509433962264151,0.11320754716981132,-0.7358490566037735 -0.037037037037037035,0.25925925925925924,-0.4074074074074074,0.25925925925925924,-0.037037037037037035 -0.7169811320754716,0.1320754716981132,-0.1509433962264151 0.5 0.7761194029850746 1.0998520710059172
- 1.0 1.0 1.0 1.0 1.0 1.0 2.8 0.07462686567164178 2.3857142857142857
_ 1.0 1.0 1.0 1.0 1.0 1.0 9.25 0.05970149253731343 2.324324324324324
* -0.36363636363636365,0.2727272727272727,-0.36363636363636365 -0.45454545454545453,0.045454545454545456,-0.5 -0.2727272727272727,0.045454545454545456,-0.36363636363636365,0.045454545454545456,-0.2727272727272727 -0.45454545454545453,0.045454545454545456,-0.5 1.0 0.6818181818181818,-0.3181818181818182 1.0 0.31343283582089554 1.0158730158730158
^ -0.4230769230769231,0.15384615384615385,-0.4230769230769231 -0.95,0.05 0.15384615384615385,-0.6923076923076923,0.15384615384615385 -0.95,0.05 -0.23076923076923078,0.15384615384615385,-0.23076923076923078,0.15384615384615385,-0.23076923076923078 -0.15,0.35,-0.5 1.3157894736842106 0.2835820895522388 0.6463157894736842
$ -0.3793103448275862,0.1724137931034483,-0.4482758620689655 -0.6060606060606061,0.12121212121212122,-0.2727272727272727 -0.3793103448275862,0.1724137931034483,-0.4482758620689655 -0.22727272727272727,0.12121212121212122,-0.45454545454545453,0.030303030303030304,-0.16666666666666666 -0.3448275862068966,0.4827586206896552,-0.1724137931034483 -1.0 0.4307692307692308 0.9701492537313433 0.7741758241758242
€ -0.5277777777777778,0.3055555555555556,-0.16666666666666666 -0.05660377358490566,0.018867924528301886,-0.9245283018867925 -0.5,0.25,-0.25 -0.3584905660377358,0.09433962264150944,-0.09433962264150944,0.09433962264150944,-0.3584905660377358 -0.08333333333333333,0.19444444444444445,-0.7222222222222222 0.11320754716981132,-0.24528301886792453,0.018867924528301886,-0.49056603773584906,0.1320754716981132 0.6730769230769231 0.7761194029850746 0.8137362637362637
£ -0.45161290322580644,0.25806451612903225,-0.2903225806451613 -0.8653846153846154,0.019230769230769232,-0.11538461538461539 0.6774193548387096,-0.3225806451612903 -0.4230769230769231,0.09615384615384616,-0.38461538461538464,0.09615384615384616 0.5483870967741935,-0.45161290322580644 -0.038461538461538464,0.11538461538461539,-0.6730769230769231,0.1346153846153846,-0.038461538461538464 0.5882352941176471 0.7611940298507462 0.8091503267973856
` 0.5384615384615384,-0.46153846153846156 -0.9166666666666666,0.08333333333333333 -0.6153846153846154,0.38461538461538464 0.08333333333333333,-0.9166666666666666 -0.3076923076923077,0.46153846153846156,-0.23076923076923078 0.6666666666666666,-0.3333333333333333 1.0909090909090908 0.16417910447761194 1.0454545454545454
´ -0.46153846153846156,0.5384615384615384 0.08333333333333333,-0.9166666666666666 0.38461538461538464,-0.6153846153846154 -0.9166666666666666,0.08333333333333333 -0.23076923076923078,0.46153846153846156,-0.3076923076923077 -0.08333333333333333,0.8333333333333334,-0.08333333333333333 1.0909090909090908 0.16417910447761194 1.053030303030303
+ -0.41379310344827586,0.1724137931034483,-0.41379310344827586 -0.41379310344827586,0.1724137931034483,-0.41379310344827586 -0.41379310344827586,0.1724137931034483,-0.41379310344827586 -0.41379310344827586,0.1724137931034483,-0.41379310344827586 1.0 1.0 1.0 0.417910447761194 0.6721938775510204
< -0.9615384615384616,0.038461538461538464 0.1724137931034483,-0.6551724137931034,0.1724137931034483 -0.9615384615384616,0.038461538461538464 -0.41379310344827586,0.13793103448275862,-0.4482758620689655 0.2692307692307692,-0.7307692307692307 -0.1724137931034483,0.1724137931034483,-0.27586206896551724,0.1724137931034483,-0.20689655172413793 0.8928571428571429 0.417910447761194 0.6757142857142857
> 0.038461538461538464,-0.9615384615384616 -0.41379310344827586,0.13793103448275862,-0.4482758620689655 0.038461538461538464,-0.9615384615384616 0.1724137931034483,-0.6551724137931034,0.1724137931034483 -0.7307692307692307,0.2692307692307692 -0.2413793103448276,0.1724137931034483,-0.1724137931034483,0.1724137931034483,-0.2413793103448276 0.8928571428571429 0.417910447761194 0.6471428571428571
| 1.0 1.0 1.0 1.0 1.0 -1.0 0.06896551724137931 0.8656716417910447 2.5301724137931036
A -0.4883720930232558,0.046511627906976744,-0.46511627906976744 -0.9807692307692307,0.019230769230769232 0.18604651162790697,-0.627906976744186,0.18604651162790697 -0.9807692307692307,0.019230769230769232 -0.2558139534883721,0.13953488372093023,-0.20930232558139536,0.16279069767441862,-0.23255813953488372 -0.11538461538461539,0.36538461538461536,-0.21153846153846154,0.09615384615384616,-0.21153846153846154 0.8235294117647058 0.7611940298507462 0.6979458450046685
